-5.000000000000000000e+00
-4.898989898989898784e+00
-4.797979797979797567e+00
-4.696969696969697239e+00
-4.595959595959596022e+00
-4.494949494949494806e+00
-4.393939393939393590e+00
-4.292929292929293261e+00
-4.191919191919192045e+00
-4.090909090909090828e+00
-3.989898989898989612e+00
-3.888888888888888840e+00
-3.787878787878788067e+00
-3.686868686868686851e+00
-3.585858585858585634e+00
-3.484848484848484862e+00
-3.383838383838384090e+00
-3.282828282828282873e+00
-3.181818181818181657e+00
-3.080808080808080884e+00
-2.979797979797979668e+00
-2.878787878787878896e+00
-2.777777777777777679e+00
-2.676767676767676907e+00
-2.575757575757575690e+00
-2.474747474747474918e+00
-2.373737373737373701e+00
-2.272727272727272929e+00
-2.171717171717171713e+00
-2.070707070707070940e+00
-1.969696969696969724e+00
-1.868686868686868952e+00
-1.767676767676767735e+00
-1.666666666666666519e+00
-1.565656565656565746e+00
-1.464646464646464530e+00
-1.363636363636363757e+00
-1.262626262626262541e+00
-1.161616161616161769e+00
-1.060606060606060552e+00
-9.595959595959593358e-01
-8.585858585858590075e-01
-7.575757575757577911e-01
-6.565656565656565746e-01
-5.555555555555553582e-01
-4.545454545454550299e-01
-3.535353535353538135e-01
-2.525252525252525970e-01
-1.515151515151513806e-01
-5.050505050505016413e-02
5.050505050505016413e-02
1.515151515151513806e-01
2.525252525252525970e-01
3.535353535353538135e-01
4.545454545454541417e-01
5.555555555555553582e-01
6.565656565656565746e-01
7.575757575757577911e-01
8.585858585858581193e-01
9.595959595959593358e-01
1.060606060606060552e+00
1.161616161616161769e+00
1.262626262626262097e+00
1.363636363636363313e+00
1.464646464646464530e+00
1.565656565656565746e+00
1.666666666666666963e+00
1.767676767676767291e+00
1.868686868686868507e+00
1.969696969696969724e+00
2.070707070707070940e+00
2.171717171717171269e+00
2.272727272727272485e+00
2.373737373737373701e+00
2.474747474747474918e+00
2.575757575757575246e+00
2.676767676767676463e+00
2.777777777777777679e+00
2.878787878787878896e+00
2.979797979797979224e+00
3.080808080808081328e+00
3.181818181818181657e+00
3.282828282828281985e+00
3.383838383838384090e+00
3.484848484848484418e+00
3.585858585858586522e+00
3.686868686868686851e+00
3.787878787878787179e+00
3.888888888888889284e+00
3.989898989898989612e+00
4.090909090909089940e+00
4.191919191919192045e+00
4.292929292929292373e+00
4.393939393939394478e+00
4.494949494949494806e+00
4.595959595959595134e+00
4.696969696969697239e+00
4.797979797979797567e+00
4.898989898989899672e+00
5.000000000000000000e+00
