[[8,0.5,0.072],
[2,0.153],
[4,0.083],
[6,0.124],
[8,0.154],
[10,0.171],
[12,0.098],
[10,0.5,0.184],
[1,0.237],
[2,0.463],
[4,0.421],
[6,0.355],
[8,0.482],
[10,0.421],
[12,0.265],
[12,0.5,0.533],
[1,0.723],
[2,0.914],
[4,1.006],
[6,0.897],
[8,0.999],
[10,1.038],
[12,0.833],
[14,0.5,1.373],
[1,1.469],
[2,1.828],
[4,1.875],
[6,1.867],
[8,1.664],
[10,1.845],
[12,1.570],
[16,0.5,2.618],
[1,2.690],
[2,3.049],
[4,3.245],
[6,3.055],
[8,2.897],
[10,2.658],
[12,2.443],
[18,0.5,4.621],
[1,4.203],
[2,5.013],
[4,4.661],
[6,4.701],
[8,4.212],
[10,4.163],
[12,3.790],
[20,0.5,6.542],
[1,5.481],
[2,6.707],
[4,6.361],
[6,6.313],
[8,5.374],
[10,5.290],
[12,4.927],
[22,0.5,8.512],
[1,8.078],
[2,8.282],
[4,7.599],
[6,7.702],
[8,7.678],
[10,6.491],
[12,6.552]]
