-2.052082840235788019e+00
-2.004499999997141568e+00
-1.956738095238008679e+00
-1.946625000000580918e+00
-1.865583333333265870e+00
-1.808191082802311778e+00
-1.734587412587181854e+00
-1.676931297708672108e+00
-1.625540540539807122e+00
-1.613342465753992760e+00
-1.596178082192092118e+00
-1.597838709677080082e+00
-1.612133333331263740e+00
-1.619941176470709232e+00
-1.635664835166400932e+00
-1.631065217392353217e+00
-1.600754601226944462e+00
-1.593545454543209505e+00
-1.545223255811565943e+00
-1.550918032786817502e+00
-1.563212264150621644e+00
-1.553923076924041302e+00
-1.577130434782333612e+00
-1.560129032259018667e+00
-1.533533333333462645e+00
-1.526302469131948891e+00
-1.521959064327583988e+00
-1.508742138365503749e+00
-1.475436363634843540e+00
-1.424756410256343253e+00
-1.380496815288420054e+00
-1.326932432431786824e+00
-1.298155844155328698e+00
-1.257000000000000117e+00
-1.234415584415532896e+00
-1.198060402685074965e+00
-1.183000000000000052e+00
-1.159653594771127505e+00
-1.138707006370166974e+00
-1.098073619632541575e+00
-1.059559523809501247e+00
-1.033518518518052653e+00
-1.008000000000000007e+00
-9.702830188660181987e-01
-9.536711409400693285e-01
-9.339746835438373918e-01
-8.946438356162854655e-01
-8.599999999999999867e-01
-8.269523809513061874e-01
-8.002244897960476555e-01
-7.712554744525486061e-01
-7.432086330936005236e-01
-7.067092198579744133e-01
-6.889562043800272484e-01
-6.523529411777545528e-01
-6.430000000000000160e-01
-6.079999999999999849e-01
-5.840000000017638859e-01
-5.352380952381062817e-01
-5.160624999993320694e-01
-4.879999999999999893e-01
-4.693255813968599255e-01
-4.272204724409123799e-01
-4.083931034484308831e-01
-3.761679389308398291e-01
-3.520277777772724548e-01
-3.284014598543387176e-01
-3.536940298451640707e-01
-3.345725806450818296e-01
-3.444566929130501998e-01
-3.410080000185408133e-01
-3.932307692335246241e-01
-3.801680672270387196e-01
-3.923533834579210344e-01
-4.139435483860765541e-01
-4.234480000017210588e-01
-4.281395348867221284e-01
-4.550538461525959200e-01
-4.754846153856762681e-01
-4.651428571429759296e-01
-4.830642857142277702e-01
-5.310000000000000275e-01
-5.849597315440645540e-01
-5.949999999999999734e-01
-6.058609271528284657e-01
-6.195827814570238345e-01
-5.775584415570671482e-01
-5.706330935222652112e-01
-4.878679245256771213e-01
-5.518903225805046331e-01
-5.304523809510651722e-01
-4.958846153841633408e-01
-5.250800000003104095e-01
-5.430674157286285997e-01
-5.850551724138083332e-01
-6.127818181813435849e-01
-5.211923076930611298e-01
-5.363928571426219705e-01
-5.457321428569480437e-01
-5.902696629217525359e-01
-5.653488372095857306e-01
-5.359268292674876921e-01
-5.473850931656527585e-01
-5.847966101691653984e-01
-5.155345911947843973e-01
-5.442250000001319643e-01
-5.402474011918833030e-01
-5.364260174768542555e-01
-5.326046337618250970e-01
-5.287832500467960495e-01
-5.249618663317670020e-01
-5.211404826167378435e-01
-5.173190989017087960e-01
-5.134977151866797485e-01
-5.096763314716507010e-01
-5.058549477566215424e-01
-5.020335640415924949e-01
-4.982121803265633919e-01
-4.943907966115343444e-01
-4.905694128965052414e-01
-4.867480291814761939e-01
-4.829266454664470909e-01
-4.791052617514179879e-01
-4.752838780363889404e-01
-4.714624943213598374e-01
-7.566000000000000503e-02
-1.389900000000000163e-02
1.147500000000000082e-02
5.643899999999999612e-02
1.128249999999999947e-01
1.389990000000000114e-01
1.470769999999999855e-01
1.898839999999999972e-01
2.053719999999999712e-01
2.254179999999999795e-01
2.433679999999999732e-01
2.452189999999999925e-01
2.513730000000000131e-01
2.460130000000000094e-01
2.451030000000000153e-01
2.467050000000000076e-01
2.535860000000000336e-01
2.829300000000000148e-01
3.042329999999999757e-01
3.272010000000000196e-01
3.441869999999999652e-01
3.525630000000000153e-01
3.761950000000000016e-01
4.042499999999999982e-01
4.237569999999999948e-01
4.372279999999999500e-01
4.554770000000000207e-01
4.738290000000000002e-01
4.853270000000000639e-01
4.968250000000000166e-01
5.083229999999999693e-01
5.198040000000000438e-01
5.312000000000000055e-01
5.771589999999999776e-01
5.732930000000000526e-01
5.566479999999999206e-01
5.426509999999999945e-01
5.470599999999999907e-01
5.515780000000000127e-01
5.593829999999999636e-01
5.790880000000000472e-01
6.077130000000000587e-01
6.336060000000000025e-01
6.618899999999999784e-01
6.776949999999999363e-01
6.969170000000000087e-01
7.131370000000000209e-01
7.207569999999999810e-01
7.409449999999999648e-01
7.437460000000000182e-01
7.642899999999999139e-01
7.844630000000000214e-01
7.942170000000000618e-01
8.004580000000000028e-01
8.153729999999999034e-01
8.578409999999999647e-01
8.750190000000001023e-01
8.961259999999999781e-01
9.128299999999999192e-01
9.241749999999999687e-01
9.322530000000001094e-01
9.258270000000000666e-01
9.107520000000000060e-01
9.176079999999999792e-01
9.509149999999999547e-01
9.896909999999999874e-01
1.011687000000000003e+00
1.020650000000000057e+00
1.030828999999999995e+00
1.041013999999999884e+00
1.048251999999999962e+00
1.052176000000000000e+00
1.063296000000000019e+00
1.046279999999999877e+00
1.047598000000000029e+00
1.069066999999999990e+00
1.088303000000000020e+00
1.100292999999999966e+00
1.107495999999999814e+00
1.115485000000000060e+00
1.121226999999999974e+00
1.117487999999999815e+00
1.101109000000000115e+00
1.092888999999999999e+00
1.089908000000000099e+00
1.089887999999999968e+00
1.073700000000000099e+00
1.081183999999999923e+00
1.105329999999999924e+00
1.140769000000000144e+00
1.172933999999999921e+00
1.182052000000000103e+00
1.165308999999999928e+00
1.155512000000000095e+00
1.124168999999999974e+00
1.084783000000000053e+00
1.051560999999999968e+00
9.459319999999999951e-01
7.663619999999999877e-01
5.426109999999999545e-01
3.594860000000000277e-01
3.712799999999999989e-01
4.291439999999999699e-01
4.688630000000000297e-01
5.112899999999999112e-01
5.732229999999999270e-01
5.794989999999999863e-01
6.120100000000000540e-01
6.685300000000000686e-01
7.254859999999999642e-01
7.543670000000000098e-01
7.952640000000000819e-01
8.217940000000000245e-01
8.511499999999999622e-01
8.569129999999999248e-01
8.486679999999999779e-01
9.000520000000000742e-01
9.888120000000001353e-01
1.001576999999999940e+00
1.038944000000000090e+00
1.023395000000000055e+00
1.038270000000000026e+00
1.053890999999999911e+00
1.067121999999999904e+00
1.016407000000000060e+00
1.003506000000000009e+00
1.019025000000000070e+00
1.037390999999999952e+00
1.047959000000000085e+00
1.014079999999999870e+00
1.030275000000000052e+00
1.038308999999999926e+00
1.103533000000000097e+00
1.044216000000000033e+00
1.073307999999999929e+00
1.081369000000000025e+00
1.102742000000000111e+00
1.103933999999999971e+00
1.101644000000000068e+00
1.114749999999999908e+00
1.114236000000000004e+00
1.135008000000000017e+00
1.124853000000000103e+00
1.121369999999999978e+00
1.160787000000000013e+00
1.148762000000000061e+00
1.166150000000000020e+00
1.217885000000000106e+00
1.211516999999999955e+00
1.222213999999999912e+00
1.237934000000000090e+00
1.267406000000000033e+00
1.269768000000000008e+00
1.256418999999999953e+00
1.279021999999999881e+00
1.289306999999999981e+00
1.290793000000000079e+00
1.306371999999999867e+00
1.317447000000000035e+00
1.340651000000000037e+00
1.366757000000000000e+00
1.387691999999999926e+00
1.396560000000000024e+00
1.393742999999999954e+00
1.419300000000000006e+00
1.447195999999999927e+00
1.467249999999999943e+00
1.483924999999999939e+00
1.495317000000000007e+00
1.515804000000000151e+00
1.537989999999999968e+00
1.555753000000000164e+00
1.565204000000000040e+00
1.572545999999999999e+00
1.582975000000000021e+00
1.587536999999999976e+00
1.592581999999999942e+00
1.603737000000000190e+00
1.589123000000000063e+00
1.639259000000000022e+00
1.669186000000000059e+00
1.686727000000000087e+00
1.706558999999999937e+00
1.730706000000000078e+00
1.751140000000000141e+00
1.768575999999999926e+00
1.776999999999999913e+00
1.782577999999999774e+00
1.805140999999999885e+00
1.834852000000000150e+00
1.839731999999999923e+00
1.853744999999999976e+00
1.878706000000000209e+00
1.897597000000000200e+00
1.909843999999999875e+00
1.952870000000000106e+00
1.979718999999999784e+00
2.015754999999999963e+00
2.029252999999999751e+00
2.072413999999999756e+00
2.090383999999999798e+00
2.109954000000000107e+00
2.134770000000000056e+00
2.155091000000000090e+00
2.183568000000000175e+00
2.225327999999999751e+00
2.233686999999999756e+00
2.259313999999999822e+00
2.297379000000000282e+00
2.343510999999999900e+00
2.388201000000000018e+00
2.434865000000000279e+00
2.465468999999999689e+00
2.491988000000000092e+00
2.517325999999999731e+00
2.535531000000000201e+00
2.549879000000000229e+00
2.558621000000000034e+00
2.554337999999999997e+00
2.548201999999999856e+00
2.544441999999999648e+00
2.559416000000000135e+00
2.607608000000000370e+00
2.608515999999999835e+00
2.673651000000000000e+00
2.668724999999999792e+00
2.706264000000000003e+00
2.763989000000000029e+00
2.799516000000000115e+00
2.818534999999999791e+00
2.833333999999999797e+00
2.825216999999999867e+00
2.817422999999999789e+00
2.847426000000000013e+00
2.888996000000000119e+00
2.928383000000000180e+00
2.979077000000000197e+00
3.005908000000000246e+00
3.013177000000000216e+00
3.017856999999999790e+00
3.057436999999999738e+00
3.102977999999999792e+00
3.139121999999999968e+00
3.157306000000000168e+00
3.147415999999999769e+00
3.198374000000000272e+00
3.246820999999999735e+00
3.264015000000000111e+00
3.271370000000000111e+00
3.288790000000000102e+00
3.327167999999999903e+00
3.328155000000000197e+00
3.343827999999999800e+00
3.386312999999999906e+00
3.394074999999999953e+00
3.415734999999999744e+00
3.439908999999999661e+00
3.449447000000000152e+00
3.499058999999999475e+00
3.525941999999999688e+00
3.544173999999999936e+00
3.574180999999999830e+00
3.569243000000000166e+00
3.576713999999999949e+00
3.618798000000000403e+00
3.639234999999999776e+00
3.678919999999999746e+00
3.710694999999999855e+00
3.738905000000000367e+00
3.755041000000000295e+00
3.787528000000000006e+00
3.854578000000000060e+00
3.862584999999999713e+00
3.948027999999999871e+00
3.991233000000000253e+00
4.007169999999999455e+00
4.072592000000000212e+00
4.090316999999999759e+00
4.137704000000000271e+00
4.190914000000000250e+00
4.261473999999999762e+00
4.393572999999999951e+00
4.407484999999999431e+00
4.489684999999999704e+00
4.536369999999999791e+00
4.546066999999999858e+00
4.530002999999999780e+00
4.571673999999999793e+00
4.647574999999999790e+00
4.847761000000000209e+00
4.829232000000000191e+00
4.807711000000000290e+00
4.853223000000000731e+00
4.989196999999999882e+00
5.067001000000000310e+00
5.129280999999999757e+00
5.250833999999999335e+00
5.377769999999999939e+00
5.424508000000000330e+00
5.487655000000000172e+00
5.711441999999999908e+00
5.935418000000000305e+00
6.115833000000000297e+00
6.196653999999999662e+00
6.215307000000000137e+00
6.309039000000000286e+00
6.363145999999999525e+00
6.321182000000000301e+00
6.370230999999999533e+00
6.418470000000000120e+00
6.446419000000000565e+00
6.492418999999999940e+00
6.595692999999998918e+00
6.709881000000000206e+00
6.729569999999999830e+00
6.735168999999999961e+00
6.908853999999998940e+00
7.070460999999999885e+00
7.061064999999999259e+00
7.080824000000000673e+00
7.124803999999999249e+00
7.300210000000000754e+00
7.361936000000000035e+00
7.460977000000000636e+00
7.487188000000000621e+00
