-2.052082840235788019e+00
-2.004499999997141568e+00
-1.956738095238008679e+00
-1.946625000000580918e+00
-1.865583333333265870e+00
-1.808191082802311778e+00
-1.734587412587181854e+00
-1.676931297708672108e+00
-1.625540540539807122e+00
-1.613342465753992760e+00
-1.596178082192092118e+00
-1.597838709677080082e+00
-1.612133333331263740e+00
-1.619941176470709232e+00
-1.635664835166400932e+00
-1.631065217392353217e+00
-1.600754601226944462e+00
-1.593545454543209505e+00
-1.545223255811565943e+00
-1.550918032786817502e+00
-1.563212264150621644e+00
-1.553923076924041302e+00
-1.577130434782333612e+00
-1.560129032259018667e+00
-1.533533333333462645e+00
-1.526302469131948891e+00
-1.521959064327583988e+00
-1.508742138365503749e+00
-1.475436363634843540e+00
-1.424756410256343253e+00
-1.380496815288420054e+00
-1.326932432431786824e+00
-1.298155844155328698e+00
-1.257000000000000117e+00
-1.234415584415532896e+00
-1.198060402685074965e+00
-1.183000000000000052e+00
-1.159653594771127505e+00
-1.138707006370166974e+00
-1.098073619632541575e+00
-1.059559523809501247e+00
-1.033518518518052653e+00
-1.008000000000000007e+00
-9.702830188660181987e-01
-9.536711409400693285e-01
-9.339746835438373918e-01
-8.946438356162854655e-01
-8.599999999999999867e-01
-8.269523809513061874e-01
-8.002244897960476555e-01
-7.712554744525486061e-01
-7.432086330936005236e-01
-7.067092198579744133e-01
-6.889562043800272484e-01
-6.523529411777545528e-01
-6.430000000000000160e-01
-6.079999999999999849e-01
-5.840000000017638859e-01
-5.352380952381062817e-01
-5.160624999993320694e-01
-4.879999999999999893e-01
-4.693255813968599255e-01
-4.272204724409123799e-01
-4.083931034484308831e-01
-3.761679389308398291e-01
-3.520277777772724548e-01
-3.284014598543387176e-01
-3.536940298451640707e-01
-3.345725806450818296e-01
-3.444566929130501998e-01
-3.410080000185408133e-01
-3.932307692335246241e-01
-3.801680672270387196e-01
-3.923533834579210344e-01
-4.139435483860765541e-01
-4.234480000017210588e-01
-4.281395348867221284e-01
-4.550538461525959200e-01
-4.754846153856762681e-01
-4.651428571429759296e-01
-4.830642857142277702e-01
-5.310000000000000275e-01
-5.849597315440645540e-01
-5.949999999999999734e-01
-6.058609271528284657e-01
-6.195827814570238345e-01
-5.775584415570671482e-01
-5.706330935222652112e-01
-4.878679245256771213e-01
-5.518903225805046331e-01
-5.304523809510651722e-01
-4.958846153841633408e-01
-5.250800000003104095e-01
-5.430674157286285997e-01
-5.850551724138083332e-01
-6.127818181813435849e-01
-5.211923076930611298e-01
-5.363928571426219705e-01
-5.457321428569480437e-01
-5.902696629217525359e-01
-5.653488372095857306e-01
-5.359268292674876921e-01
-5.473850931656527585e-01
-5.847966101691653984e-01
-5.155345911947843973e-01
-5.442250000001319643e-01
-5.402474011918833030e-01
-5.364260174768542555e-01
-5.326046337618250970e-01
-5.287832500467960495e-01
-5.249618663317670020e-01
-5.211404826167378435e-01
-5.173190989017087960e-01
-5.134977151866797485e-01
-5.096763314716507010e-01
-5.058549477566215424e-01
-5.020335640415924949e-01
-4.982121803265633919e-01
-4.943907966115343444e-01
-4.905694128965052414e-01
-4.867480291814761939e-01
-4.829266454664470909e-01
-4.791052617514179879e-01
-4.752838780363889404e-01
-4.714624943213598374e-01
-4.676411106063307899e-01
-4.638197268913016869e-01
-4.599983431762726394e-01
-4.561769594612435363e-01
-4.523555757462144333e-01
-4.485341920311853858e-01
-4.447128083161562828e-01
-4.408914246011271798e-01
-4.370700408860981323e-01
-4.332486571710690293e-01
-4.294272734560399818e-01
-4.256058897410108788e-01
-4.217845060259818313e-01
-4.179631223109527283e-01
-4.141417385959236253e-01
-4.103203548808945778e-01
-4.064989711658654747e-01
-4.026775874508363717e-01
-3.758623853203978959e-01
-3.116494845355627930e-01
-2.243602484486629245e-01
-2.000645161302133934e-01
-1.167291177732173862e-01
-1.471776144819136600e-01
-1.776261111906099477e-01
-2.080746078993062076e-01
-2.385231046080024675e-01
-2.689716013166987829e-01
-2.008670000000000178e-01
-2.685859999999999914e-01
-3.085729999999999862e-01
-3.637719999999999843e-01
-1.940369999999999873e-01
-1.345130000000000214e-01
-1.622770000000000046e-01
-7.254599999999999937e-02
5.029399999999999843e-02
6.638399999999999856e-02
6.241100000000000120e-02
5.015700000000000019e-02
2.875899999999999637e-02
1.481790000000000052e-01
1.957949999999999968e-01
2.279880000000000240e-01
2.299460000000000115e-01
2.758849999999999913e-01
3.398539999999999894e-01
3.486730000000000107e-01
3.529610000000000247e-01
3.869179999999999842e-01
4.507170000000000343e-01
4.784039999999999959e-01
4.975850000000000550e-01
5.676180000000000669e-01
5.679950000000000276e-01
5.672460000000000280e-01
6.317540000000000378e-01
6.605850000000000888e-01
6.583170000000000410e-01
6.909669999999999979e-01
7.452640000000000375e-01
7.791489999999999805e-01
7.906569999999999432e-01
8.100519999999999943e-01
8.407430000000000181e-01
8.538549999999999196e-01
8.455440000000000733e-01
8.570520000000000360e-01
8.718219999999999859e-01
9.283749999999999503e-01
9.079959999999999143e-01
9.398649999999999505e-01
9.772850000000000703e-01
9.773159999999999625e-01
9.879000000000000004e-01
1.029719999999999969e+00
1.040862000000000176e+00
1.028210000000000068e+00
1.069345999999999908e+00
1.102628000000000164e+00
1.111803000000000097e+00
1.115639999999999965e+00
1.159245999999999999e+00
1.146339999999999915e+00
1.150954999999999950e+00
1.194147999999999987e+00
1.213088999999999862e+00
1.190908999999999995e+00
1.228293999999999997e+00
1.253041999999999989e+00
1.235932000000000031e+00
1.238634000000000013e+00
1.304173999999999944e+00
1.281562000000000090e+00
1.264270999999999923e+00
1.266699000000000019e+00
1.295680999999999861e+00
1.259294000000000135e+00
1.252240000000000020e+00
1.302685000000000093e+00
1.264493000000000089e+00
1.249028000000000027e+00
1.269875000000000087e+00
1.252988999999999908e+00
1.202845000000000164e+00
1.226728000000000041e+00
1.244169000000000080e+00
1.214172000000000029e+00
1.188331999999999944e+00
1.219887000000000166e+00
1.185483999999999982e+00
1.180970000000000075e+00
1.187031999999999865e+00
1.144965000000000011e+00
9.619280000000001163e-01
8.710309999999999997e-01
9.149520000000000985e-01
9.732499999999999485e-01
1.064049999999999940e+00
1.180231000000000030e+00
1.178539999999999921e+00
9.839259999999999673e-01
9.609820000000000029e-01
9.495440000000000547e-01
1.004110000000000058e+00
1.103069999999999995e+00
1.226825000000000054e+00
1.211257999999999946e+00
1.244564999999999921e+00
1.241190999999999933e+00
1.238526999999999934e+00
1.273319000000000090e+00
1.303517000000000037e+00
1.312238000000000016e+00
1.289252000000000065e+00
1.291233999999999993e+00
1.338846999999999898e+00
1.341963000000000017e+00
1.320899000000000045e+00
1.323115999999999959e+00
1.361817000000000055e+00
1.356763999999999859e+00
1.331129999999999924e+00
1.368467000000000100e+00
1.402743000000000073e+00
1.370304999999999884e+00
1.350624999999999964e+00
1.414918000000000120e+00
1.418412999999999924e+00
1.400822999999999929e+00
1.429475999999999969e+00
1.466800000000000104e+00
1.461278999999999995e+00
1.454829000000000150e+00
1.464677000000000007e+00
1.492468000000000128e+00
1.508574999999999999e+00
1.485551000000000066e+00
1.515798999999999896e+00
1.542780999999999958e+00
1.560638999999999887e+00
1.539095000000000102e+00
1.572051000000000087e+00
1.617124999999999924e+00
1.617466000000000070e+00
1.621458000000000066e+00
1.666206999999999994e+00
1.712220999999999993e+00
1.687618999999999758e+00
1.717840000000000256e+00
1.755225000000000035e+00
1.762011999999999912e+00
1.783647000000000205e+00
1.838763999999999843e+00
1.840620999999999841e+00
1.868236000000000008e+00
1.900338000000000083e+00
1.922674000000000216e+00
1.947130000000000027e+00
1.968507000000000007e+00
2.015868000000000215e+00
2.049593000000000220e+00
2.052347999999999839e+00
2.101188000000000056e+00
2.142866999999999855e+00
2.139386999999999706e+00
2.193475999999999981e+00
2.238626000000000005e+00
2.247402999999999818e+00
2.285353999999999886e+00
2.315392999999999812e+00
2.310343000000000035e+00
2.348681000000000019e+00
2.400386999999999826e+00
2.445952000000000126e+00
2.451499999999999790e+00
2.431154000000000259e+00
2.414534999999999876e+00
2.442137999999999920e+00
2.497028999999999943e+00
2.513587999999999933e+00
2.493948000000000054e+00
2.466908999999999796e+00
2.482925999999999966e+00
2.520859000000000183e+00
2.564613999999999727e+00
2.596715000000000106e+00
2.604289000000000076e+00
2.595190000000000108e+00
2.606479999999999908e+00
2.652295000000000069e+00
2.699359999999999982e+00
2.711054000000000297e+00
2.699259999999999771e+00
2.684804999999999886e+00
2.704549000000000092e+00
2.758302999999999727e+00
2.785074999999999967e+00
2.786259999999999959e+00
2.762696000000000041e+00
2.758858000000000033e+00
2.815744000000000025e+00
2.872993999999999826e+00
2.892457999999999974e+00
2.863903000000000088e+00
2.837677000000000227e+00
2.845810999999999868e+00
2.877079000000000164e+00
2.943852000000000135e+00
2.918440000000000367e+00
2.931173999999999946e+00
2.962193999999999772e+00
2.936069999999999958e+00
2.995848000000000066e+00
2.988516999999999868e+00
3.001958999999999822e+00
3.018998999999999988e+00
3.016765000000000363e+00
3.067452999999999985e+00
3.078060999999999936e+00
3.083339000000000052e+00
3.129990999999999968e+00
3.146599000000000146e+00
3.170193999999999956e+00
3.156772000000000133e+00
3.244833999999999996e+00
3.268331000000000319e+00
3.252928999999999959e+00
3.286962000000000383e+00
3.295818000000000136e+00
3.302961000000000258e+00
3.342417999999999889e+00
3.373158000000000101e+00
3.359655999999999754e+00
3.383604000000000056e+00
3.470691999999999666e+00
3.496728000000000058e+00
3.499045999999999879e+00
3.515005999999999631e+00
3.507261000000000184e+00
3.544319000000000219e+00
3.600175000000000125e+00
3.609093000000000107e+00
3.664601999999999471e+00
3.693287000000000209e+00
3.720361000000000029e+00
3.767069000000000223e+00
3.777797000000000072e+00
3.814098999999999684e+00
3.766211000000000197e+00
3.773506999999999945e+00
3.812479000000000173e+00
3.915469999999999562e+00
3.989505999999999553e+00
4.007683000000000106e+00
4.080487000000000641e+00
4.104805000000000703e+00
4.121948000000000611e+00
4.141173000000000215e+00
4.188263000000000069e+00
4.281908000000000492e+00
4.394586000000000325e+00
4.469386000000000081e+00
4.469386000000000081e+00
4.469386000000000081e+00
4.469386000000000081e+00
4.469386000000000081e+00
4.469386000000000081e+00
4.469386000000000081e+00
4.469386000000000081e+00
4.469386000000000081e+00
4.469386000000000081e+00
4.469386000000000081e+00
4.469386000000000081e+00
4.469386000000000081e+00
4.469386000000000081e+00
4.469386000000000081e+00
4.469386000000000081e+00
4.469386000000000081e+00
4.469386000000000081e+00
4.469386000000000081e+00
4.469386000000000081e+00
4.469386000000000081e+00
4.469386000000000081e+00
4.469386000000000081e+00
4.469386000000000081e+00
4.469386000000000081e+00
4.469386000000000081e+00
4.469386000000000081e+00
4.469386000000000081e+00
4.469386000000000081e+00
4.469386000000000081e+00
4.469386000000000081e+00
4.469386000000000081e+00
4.469386000000000081e+00
4.469386000000000081e+00
4.469386000000000081e+00
4.469386000000000081e+00
4.469386000000000081e+00
4.469386000000000081e+00
4.469386000000000081e+00
4.469386000000000081e+00
4.469386000000000081e+00
4.469386000000000081e+00
4.469386000000000081e+00
