-2.052082840235788019e+00
-2.004499999997141568e+00
-1.956738095238008679e+00
-1.946625000000580918e+00
-1.865583333333265870e+00
-1.808191082802311778e+00
-1.734587412587181854e+00
-1.676931297708672108e+00
-1.625540540539807122e+00
-1.613342465753992760e+00
-1.596178082192092118e+00
-1.597838709677080082e+00
-1.612133333331263740e+00
-1.619941176470709232e+00
-1.635664835166400932e+00
-1.631065217392353217e+00
-1.600754601226944462e+00
-1.593545454543209505e+00
-1.545223255811565943e+00
-1.550918032786817502e+00
-1.563212264150621644e+00
-1.553923076924041302e+00
-1.577130434782333612e+00
-1.560129032259018667e+00
-1.533533333333462645e+00
-1.526302469131948891e+00
-1.521959064327583988e+00
-1.508742138365503749e+00
-1.475436363634843540e+00
-1.424756410256343253e+00
-1.380496815288420054e+00
-1.326932432431786824e+00
-1.298155844155328698e+00
-1.257000000000000117e+00
-1.234415584415532896e+00
-1.198060402685074965e+00
-1.183000000000000052e+00
-1.159653594771127505e+00
-1.138707006370166974e+00
-1.098073619632541575e+00
-1.059559523809501247e+00
-1.033518518518052653e+00
-1.008000000000000007e+00
-9.702830188660181987e-01
-9.536711409400693285e-01
-9.339746835438373918e-01
-8.946438356162854655e-01
-8.599999999999999867e-01
-8.269523809513061874e-01
-8.002244897960476555e-01
-7.712554744525486061e-01
-7.432086330936005236e-01
-7.067092198579744133e-01
-6.889562043800272484e-01
-6.523529411777545528e-01
-6.430000000000000160e-01
-6.079999999999999849e-01
-5.840000000017638859e-01
-5.352380952381062817e-01
-5.160624999993320694e-01
-4.879999999999999893e-01
-4.693255813968599255e-01
-4.272204724409123799e-01
-4.083931034484308831e-01
-3.761679389308398291e-01
-3.520277777772724548e-01
-3.284014598543387176e-01
-3.536940298451640707e-01
-3.345725806450818296e-01
-3.444566929130501998e-01
-3.410080000185408133e-01
-3.932307692335246241e-01
-3.801680672270387196e-01
-3.923533834579210344e-01
-4.139435483860765541e-01
-4.234480000017210588e-01
-4.281395348867221284e-01
-4.550538461525959200e-01
-4.754846153856762681e-01
-4.651428571429759296e-01
-4.830642857142277702e-01
-5.310000000000000275e-01
-5.849597315440645540e-01
-5.949999999999999734e-01
-6.058609271528284657e-01
-6.195827814570238345e-01
-5.775584415570671482e-01
-5.706330935222652112e-01
-4.878679245256771213e-01
-5.518903225805046331e-01
-5.304523809510651722e-01
-4.958846153841633408e-01
-5.250800000003104095e-01
-5.430674157286285997e-01
-5.850551724138083332e-01
-6.127818181813435849e-01
-5.211923076930611298e-01
-5.363928571426219705e-01
-5.457321428569480437e-01
-5.902696629217525359e-01
-9.889819999999999167e-01
-1.016618000000000022e+00
-1.004518000000000022e+00
-1.043374000000000024e+00
-1.034571999999999825e+00
-9.876590000000000646e-01
-8.060039999999999427e-01
-7.796260000000000412e-01
-7.719449999999999923e-01
-8.639989999999999615e-01
-9.787399999999999434e-01
-1.137220000000000120e+00
-1.118679999999999897e+00
-1.054508999999999919e+00
-1.082918000000000047e+00
-1.033959000000000072e+00
-1.048787999999999832e+00
-1.033133000000000079e+00
-1.061105999999999883e+00
-1.097980999999999874e+00
-1.119210999999999956e+00
-1.103566000000000047e+00
-1.085403000000000118e+00
-1.022373999999999894e+00
-8.749709999999999432e-01
-8.293020000000000946e-01
-7.721890000000000143e-01
-7.461349999999999927e-01
-7.113010000000000721e-01
-8.157879999999999576e-01
-8.466430000000000344e-01
-9.079079999999999373e-01
-1.034766000000000075e+00
-1.058189000000000046e+00
-1.074853000000000058e+00
-1.005427999999999988e+00
-1.075629999999999864e+00
-1.014602000000000004e+00
-9.782459999999999489e-01
-8.399030000000000662e-01
-8.875999999999999446e-01
-8.623569999999999292e-01
-8.550419999999999687e-01
-7.416949999999999932e-01
-8.146760000000000668e-01
-7.237029999999999852e-01
-7.151310000000000722e-01
-8.209469999999999823e-01
-7.008140000000000480e-01
-5.363590000000000302e-01
-4.650850000000000262e-01
-3.644789999999999974e-01
-3.239889999999999715e-01
-2.023709999999999953e-01
-9.599699999999999900e-02
-5.684199999999999670e-02
-3.577600000000000224e-02
1.158299999999999955e-02
7.914999999999999813e-02
1.194220000000000004e-01
1.315680000000000183e-01
1.891890000000000238e-01
2.435190000000000132e-01
2.876059999999999728e-01
2.943649999999999878e-01
3.268139999999999934e-01
3.861999999999999877e-01
4.309550000000000325e-01
4.519970000000000376e-01
4.729109999999999703e-01
4.911670000000000202e-01
5.282869999999999511e-01
5.709340000000000526e-01
6.014979999999999771e-01
6.237010000000000609e-01
6.303649999999999531e-01
6.366359999999999797e-01
6.494270000000000875e-01
6.728640000000000176e-01
7.085160000000000347e-01
7.420649999999999746e-01
7.743100000000000538e-01
7.800229999999999109e-01
7.739080000000000403e-01
7.772359999999999269e-01
7.894579999999999931e-01
8.225969999999999116e-01
8.593540000000000623e-01
8.927079999999999460e-01
9.157239999999999824e-01
9.071459999999998969e-01
9.115989999999999371e-01
9.198280000000000900e-01
9.328709999999998947e-01
9.546100000000000696e-01
9.952830000000000288e-01
1.020540000000000003e+00
1.036032000000000064e+00
1.049104000000000037e+00
1.066687999999999859e+00
1.069547000000000025e+00
1.064683000000000046e+00
1.090465000000000018e+00
1.135429000000000022e+00
1.169993999999999978e+00
1.181313999999999975e+00
1.180884000000000045e+00
1.185671999999999837e+00
1.189090999999999898e+00
1.186590000000000034e+00
1.196706000000000047e+00
1.201518000000000086e+00
1.199133999999999922e+00
1.192676000000000069e+00
1.183572999999999986e+00
1.153118000000000087e+00
1.119501000000000079e+00
1.108011000000000079e+00
1.100268999999999942e+00
1.073498000000000063e+00
1.027034000000000002e+00
1.029786000000000090e+00
1.041129000000000193e+00
1.058024999999999993e+00
1.088864999999999972e+00
1.125652000000000097e+00
1.063420999999999950e+00
1.018202000000000051e+00
1.002877000000000018e+00
1.026624999999999899e+00
1.065439000000000025e+00
1.092211000000000043e+00
1.110545000000000115e+00
1.115820000000000034e+00
1.100243000000000082e+00
1.106638000000000011e+00
1.121383000000000019e+00
1.134411000000000058e+00
1.165640999999999927e+00
1.200307000000000013e+00
9.698049999999999171e-01
8.805239999999999734e-01
1.025414999999999965e+00
1.121977000000000002e+00
1.163650000000000073e+00
1.209902000000000033e+00
1.238958999999999921e+00
1.229605999999999977e+00
1.211165999999999965e+00
1.239651999999999976e+00
1.255668000000000006e+00
1.272295000000000176e+00
1.277814999999999923e+00
1.288654000000000188e+00
1.297364999999999879e+00
1.295152000000000081e+00
1.284424999999999928e+00
1.306319000000000008e+00
1.327142999999999962e+00
1.346929000000000043e+00
1.361165999999999876e+00
1.368160000000000043e+00
1.373758000000000035e+00
1.376322000000000045e+00
1.389070999999999945e+00
1.413610999999999951e+00
1.439508000000000010e+00
1.446140999999999899e+00
1.465222999999999942e+00
1.474350999999999967e+00
1.477000000000000091e+00
1.480129000000000028e+00
1.488858000000000015e+00
1.496811000000000114e+00
1.517904000000000142e+00
1.544885000000000064e+00
1.567493999999999943e+00
1.579137999999999931e+00
1.588791000000000064e+00
1.577544000000000057e+00
1.579554999999999820e+00
1.586757999999999891e+00
1.597299999999999942e+00
1.634610000000000118e+00
1.647365000000000190e+00
1.665370000000000017e+00
1.670220000000000038e+00
1.670243999999999840e+00
1.680892999999999970e+00
1.686995000000000022e+00
1.703606999999999871e+00
1.726638000000000117e+00
1.748232000000000008e+00
1.766369999999999996e+00
1.792322999999999888e+00
1.796402999999999972e+00
1.804684999999999873e+00
1.816822999999999855e+00
1.828492999999999924e+00
1.844284000000000034e+00
1.861509999999999776e+00
1.889820000000000055e+00
1.930475999999999859e+00
1.955074000000000201e+00
1.986536000000000080e+00
2.016950000000000021e+00
2.037157000000000107e+00
2.041783000000000126e+00
2.053536999999999946e+00
2.075965000000000060e+00
2.103663999999999756e+00
2.135153999999999996e+00
2.169494999999999951e+00
2.209511999999999698e+00
2.253678999999999988e+00
2.294506999999999852e+00
2.317759000000000125e+00
2.334169999999999856e+00
2.353539000000000048e+00
2.374004999999999921e+00
2.394308999999999799e+00
2.423576999999999870e+00
2.458350999999999953e+00
2.489584999999999937e+00
2.507446999999999981e+00
2.535473000000000088e+00
2.565854000000000301e+00
2.595765000000000100e+00
2.615051999999999932e+00
2.627565000000000150e+00
2.635041000000000189e+00
2.638545999999999836e+00
2.669293000000000138e+00
2.680522999999999989e+00
2.679767000000000010e+00
2.695541999999999661e+00
2.714709000000000039e+00
2.739368999999999943e+00
2.766853999999999925e+00
2.784577000000000080e+00
2.801349999999999785e+00
2.815534999999999677e+00
2.826976999999999851e+00
2.841390999999999778e+00
2.849777000000000005e+00
2.855359999999999676e+00
2.861667999999999878e+00
2.872334999999999638e+00
2.868233000000000033e+00
2.897460999999999842e+00
2.925254999999999939e+00
2.947354999999999947e+00
2.972636999999999752e+00
2.970960999999999963e+00
2.968404000000000043e+00
2.975775999999999755e+00
2.988774999999999959e+00
3.022780000000000022e+00
3.071172000000000235e+00
3.027483000000000146e+00
3.066945999999999728e+00
3.090183999999999820e+00
3.089333000000000329e+00
3.105255000000000098e+00
3.134983000000000075e+00
3.175839999999999996e+00
3.211933999999999845e+00
3.234293000000000085e+00
3.256340999999999930e+00
3.274502000000000024e+00
3.233922999999999881e+00
3.283508999999999567e+00
3.313247000000000053e+00
3.323076000000000363e+00
3.354251999999999789e+00
3.382462999999999553e+00
3.379081999999999919e+00
3.368438999999999961e+00
3.380119999999999791e+00
3.419353000000000087e+00
3.489440000000000097e+00
3.501253999999999866e+00
3.486316999999999666e+00
3.506492999999999860e+00
3.563973000000000280e+00
3.592283000000000115e+00
3.599820999999999938e+00
3.594255000000000422e+00
3.627426000000000261e+00
3.643104000000000120e+00
3.685616999999999699e+00
3.737550000000000150e+00
3.785594999999999821e+00
3.811189000000000160e+00
3.788798999999999584e+00
3.799641999999999964e+00
3.831405000000000172e+00
3.877212000000000103e+00
3.950622000000000078e+00
4.036404000000000103e+00
4.097037999999999514e+00
4.121119999999999450e+00
4.164184999999999803e+00
4.193712999999999802e+00
4.204003000000000156e+00
4.290223999999999371e+00
4.452777999999999459e+00
4.513637999999999373e+00
4.569230999999999376e+00
4.627172999999999981e+00
4.676830000000000709e+00
4.620712999999999404e+00
4.609055999999999820e+00
4.609055999999999820e+00
4.609055999999999820e+00
4.609055999999999820e+00
4.609055999999999820e+00
4.609055999999999820e+00
4.609055999999999820e+00
4.609055999999999820e+00
4.609055999999999820e+00
4.609055999999999820e+00
4.609055999999999820e+00
4.609055999999999820e+00
4.609055999999999820e+00
4.609055999999999820e+00
4.609055999999999820e+00
4.609055999999999820e+00
4.609055999999999820e+00
4.609055999999999820e+00
4.609055999999999820e+00
4.609055999999999820e+00
4.609055999999999820e+00
4.609055999999999820e+00
4.609055999999999820e+00
4.609055999999999820e+00
4.609055999999999820e+00
4.609055999999999820e+00
4.609055999999999820e+00
4.609055999999999820e+00
4.609055999999999820e+00
4.609055999999999820e+00
4.609055999999999820e+00
4.609055999999999820e+00
4.609055999999999820e+00
4.609055999999999820e+00
4.609055999999999820e+00
4.609055999999999820e+00
4.609055999999999820e+00
4.609055999999999820e+00
