-2.052082840235788019e+00
-2.004499999997141568e+00
-1.956738095238008679e+00
-1.946625000000580918e+00
-1.865583333333265870e+00
-1.808191082802311778e+00
-1.734587412587181854e+00
-1.676931297708672108e+00
-1.625540540539807122e+00
-1.613342465753992760e+00
-1.596178082192092118e+00
-1.597838709677080082e+00
-1.612133333331263740e+00
-1.619941176470709232e+00
-1.635664835166400932e+00
-1.631065217392353217e+00
-1.600754601226944462e+00
-1.593545454543209505e+00
-1.545223255811565943e+00
-1.550918032786817502e+00
-1.563212264150621644e+00
-1.553923076924041302e+00
-1.577130434782333612e+00
-1.560129032259018667e+00
-1.533533333333462645e+00
-1.526302469131948891e+00
-1.521959064327583988e+00
-1.508742138365503749e+00
-1.475436363634843540e+00
-1.424756410256343253e+00
-1.380496815288420054e+00
-1.326932432431786824e+00
-1.298155844155328698e+00
-1.257000000000000117e+00
-1.234415584415532896e+00
-1.198060402685074965e+00
-1.183000000000000052e+00
-1.159653594771127505e+00
-1.138707006370166974e+00
-1.098073619632541575e+00
-1.059559523809501247e+00
-1.033518518518052653e+00
-1.008000000000000007e+00
-9.702830188660181987e-01
-9.536711409400693285e-01
-9.339746835438373918e-01
-8.946438356162854655e-01
-8.599999999999999867e-01
-8.269523809513061874e-01
-8.002244897960476555e-01
-7.712554744525486061e-01
-7.432086330936005236e-01
-7.067092198579744133e-01
-6.889562043800272484e-01
-6.523529411777545528e-01
-6.430000000000000160e-01
-6.079999999999999849e-01
-5.840000000017638859e-01
-5.352380952381062817e-01
-5.160624999993320694e-01
-4.879999999999999893e-01
-4.693255813968599255e-01
-4.272204724409123799e-01
-4.083931034484308831e-01
-3.761679389308398291e-01
-3.520277777772724548e-01
-3.284014598543387176e-01
-3.536940298451640707e-01
-3.345725806450818296e-01
-3.444566929130501998e-01
-3.410080000185408133e-01
-3.932307692335246241e-01
-3.801680672270387196e-01
-3.923533834579210344e-01
-4.139435483860765541e-01
-4.234480000017210588e-01
-4.281395348867221284e-01
-4.550538461525959200e-01
-4.754846153856762681e-01
-4.651428571429759296e-01
-4.830642857142277702e-01
-5.310000000000000275e-01
-5.849597315440645540e-01
-5.949999999999999734e-01
-6.058609271528284657e-01
-6.195827814570238345e-01
-5.775584415570671482e-01
-5.706330935222652112e-01
-4.878679245256771213e-01
-5.518903225805046331e-01
-5.304523809510651722e-01
-4.958846153841633408e-01
-5.250800000003104095e-01
-5.430674157286285997e-01
-5.850551724138083332e-01
-6.127818181813435849e-01
-5.211923076930611298e-01
-5.363928571426219705e-01
-5.457321428569480437e-01
-5.902696629217525359e-01
-5.653488372095857306e-01
-5.359268292674876921e-01
-5.473850931656527585e-01
-5.847966101691653984e-01
-5.155345911947843973e-01
-5.442250000001319643e-01
-5.402474011918833030e-01
-5.364260174768542555e-01
-5.326046337618250970e-01
-5.287832500467960495e-01
-5.249618663317670020e-01
-5.211404826167378435e-01
-5.173190989017087960e-01
-5.134977151866797485e-01
-5.096763314716507010e-01
-5.058549477566215424e-01
-5.020335640415924949e-01
-4.982121803265633919e-01
-4.943907966115343444e-01
-4.905694128965052414e-01
-4.867480291814761939e-01
-4.829266454664470909e-01
-4.791052617514179879e-01
-4.752838780363889404e-01
-4.714624943213598374e-01
-4.676411106063307899e-01
-4.638197268913016869e-01
-4.599983431762726394e-01
-4.561769594612435363e-01
-4.523555757462144333e-01
-4.485341920311853858e-01
-4.447128083161562828e-01
-4.408914246011271798e-01
-4.370700408860981323e-01
-4.705109999999999570e-01
-4.789709999999999801e-01
-5.027520000000000877e-01
-4.892340000000000022e-01
-4.313750000000000084e-01
-2.870940000000000158e-01
-3.009880000000000333e-01
-3.660660000000000025e-01
-3.864969999999999795e-01
-2.666939999999999866e-01
-2.481119999999999992e-01
-1.983989999999999920e-01
-2.015419999999999989e-01
-2.402409999999999823e-01
-3.646860000000000102e-01
-2.350309999999999899e-01
-2.015869999999999884e-01
-2.057280000000000220e-01
-2.072809999999999930e-01
-2.067869999999999986e-01
-1.119880000000000042e-01
2.746999999999999876e-03
1.874699999999999978e-02
4.654700000000000504e-02
1.258859999999999979e-01
2.235699999999999910e-01
2.194679999999999964e-01
3.266270000000000007e-01
3.824819999999999887e-01
3.686539999999999817e-01
4.427340000000000164e-01
4.849939999999999807e-01
4.548479999999999746e-01
5.222499999999999920e-01
5.423399999999999332e-01
6.526380000000000514e-01
6.407789999999999875e-01
5.953199999999999603e-01
6.612949999999999662e-01
6.667999999999999483e-01
6.357149999999999190e-01
7.459080000000000155e-01
7.340740000000000043e-01
7.005850000000000133e-01
8.207040000000001001e-01
7.308319999999999261e-01
8.583049999999998736e-01
7.886609999999999454e-01
8.458139999999999548e-01
9.377280000000001170e-01
8.849520000000000719e-01
8.954830000000000290e-01
1.015826000000000118e+00
9.599979999999999070e-01
9.337290000000001422e-01
1.081695999999999991e+00
9.611280000000000934e-01
1.109787000000000079e+00
1.022621000000000002e+00
1.087560000000000082e+00
1.168657999999999975e+00
1.094178000000000095e+00
1.139912999999999954e+00
1.183879999999999821e+00
1.142737999999999809e+00
1.125615000000000032e+00
1.136166000000000009e+00
1.160977000000000148e+00
1.184207000000000010e+00
1.122325000000000017e+00
1.102003000000000066e+00
1.115766999999999953e+00
1.061166999999999971e+00
1.076200999999999963e+00
1.060787000000000146e+00
8.557580000000000187e-01
8.772190000000000820e-01
9.809209999999999319e-01
9.263139999999999707e-01
9.149030000000000218e-01
8.337879999999999736e-01
7.232410000000000228e-01
8.272969999999999491e-01
9.311020000000000962e-01
9.502249999999999863e-01
9.549639999999999240e-01
9.824280000000000790e-01
1.032945000000000002e+00
1.039727999999999986e+00
1.067711000000000077e+00
1.116511000000000031e+00
1.151587999999999834e+00
1.153216999999999937e+00
1.164327000000000112e+00
1.146690999999999905e+00
1.101772999999999891e+00
1.061152000000000095e+00
1.049083999999999905e+00
1.074297999999999975e+00
1.072716999999999921e+00
1.102080999999999866e+00
1.154131999999999936e+00
1.164759000000000100e+00
1.154182000000000041e+00
1.148934000000000122e+00
1.176700000000000079e+00
1.122058000000000000e+00
1.040081000000000033e+00
1.027199999999999891e+00
1.081596999999999920e+00
1.193467999999999973e+00
1.221872999999999987e+00
1.231070000000000109e+00
1.244128000000000123e+00
1.282138999999999918e+00
1.288057999999999925e+00
1.281884999999999941e+00
1.266529000000000016e+00
1.279547999999999908e+00
1.305101999999999984e+00
1.338619000000000003e+00
1.349971999999999950e+00
1.347864999999999869e+00
1.354742000000000113e+00
1.363321000000000005e+00
1.373345999999999956e+00
1.378461000000000158e+00
1.406074000000000046e+00
1.398422999999999972e+00
1.407169000000000114e+00
1.443622999999999879e+00
1.466587000000000085e+00
1.486032000000000020e+00
1.495070000000000121e+00
1.501304999999999890e+00
1.508043999999999940e+00
1.515155999999999947e+00
1.509279000000000037e+00
1.524011000000000005e+00
1.546758000000000077e+00
1.564958000000000071e+00
1.567946999999999980e+00
1.590887000000000162e+00
1.580940000000000012e+00
1.572303000000000006e+00
1.600559000000000065e+00
1.626533999999999924e+00
1.642256000000000160e+00
1.639666999999999764e+00
1.631426999999999961e+00
1.645213999999999954e+00
1.703675999999999746e+00
1.712091999999999725e+00
1.723763999999999852e+00
1.730140999999999929e+00
1.764429000000000025e+00
1.749414000000000025e+00
1.759797999999999973e+00
1.799588999999999883e+00
1.802927999999999864e+00
1.825143999999999878e+00
1.852049999999999974e+00
1.863781000000000132e+00
1.905518999999999963e+00
1.891734000000000027e+00
1.879461999999999966e+00
1.917183000000000082e+00
1.940142999999999951e+00
1.954264000000000001e+00
1.969133999999999940e+00
1.990420999999999996e+00
2.013608000000000064e+00
2.038202000000000069e+00
2.067374000000000045e+00
2.096117000000000008e+00
2.123377999999999766e+00
2.147787000000000113e+00
2.172455999999999943e+00
2.207150999999999641e+00
2.235392000000000046e+00
2.255897999999999737e+00
2.274329000000000267e+00
2.294647000000000325e+00
2.331014000000000141e+00
2.368640999999999774e+00
2.407224000000000252e+00
2.434533000000000058e+00
2.458118000000000247e+00
2.477279000000000231e+00
2.510810999999999904e+00
2.548766999999999783e+00
2.567555000000000032e+00
2.589304000000000272e+00
2.614557000000000020e+00
2.637726999999999933e+00
2.657261000000000095e+00
2.666570000000000107e+00
2.678373000000000115e+00
2.691152000000000211e+00
2.688229000000000202e+00
2.696066000000000074e+00
2.719741999999999660e+00
2.735574000000000172e+00
2.750918999999999670e+00
2.775309999999999722e+00
2.802928000000000086e+00
2.830502000000000073e+00
2.838684000000000207e+00
2.860827999999999705e+00
2.891554000000000180e+00
2.905513000000000012e+00
2.910962000000000049e+00
2.913545999999999747e+00
2.919150000000000134e+00
2.926457000000000086e+00
2.930161999999999711e+00
2.928579999999999739e+00
2.945991999999999944e+00
2.971388000000000140e+00
3.003429000000000126e+00
3.023031000000000024e+00
3.038193999999999839e+00
3.050669000000000075e+00
3.072696000000000094e+00
3.090859999999999719e+00
3.106377000000000166e+00
3.127731000000000261e+00
3.149370999999999921e+00
3.170936999999999895e+00
3.191761000000000070e+00
3.212471999999999994e+00
3.232114000000000154e+00
3.248518000000000239e+00
3.231103000000000058e+00
3.240625999999999785e+00
3.273572000000000148e+00
3.281702999999999815e+00
3.293562000000000101e+00
3.311544999999999739e+00
3.322886000000000006e+00
3.358230000000000270e+00
3.376823000000000352e+00
3.389473999999999876e+00
3.398579000000000239e+00
3.417369999999999575e+00
3.453993000000000091e+00
3.523087000000000302e+00
3.539009999999999767e+00
3.545875000000000110e+00
3.555465000000000320e+00
3.559109999999999996e+00
3.604694000000000287e+00
3.663948999999999678e+00
3.720594999999999875e+00
3.734269000000000283e+00
3.756408999999999665e+00
3.781109999999999971e+00
3.805816999999999783e+00
3.851307999999999954e+00
3.868808000000000025e+00
3.884884999999999700e+00
3.901987000000000094e+00
3.918921000000000099e+00
3.947462999999999944e+00
3.984167999999999932e+00
4.066073000000000270e+00
4.154649000000000036e+00
4.217304000000000386e+00
4.255755999999999872e+00
4.268608000000000402e+00
4.233608000000000260e+00
4.279294000000000153e+00
4.403158000000000349e+00
4.539045999999999914e+00
4.627860000000000085e+00
4.651291999999999760e+00
4.685265000000000235e+00
4.634768000000000221e+00
4.627251000000000225e+00
4.733493000000000173e+00
4.952151000000000636e+00
4.936766000000000432e+00
4.991352000000000011e+00
4.954565000000000552e+00
5.006623000000000268e+00
5.123482000000000092e+00
5.193105000000000082e+00
5.273159999999999847e+00
5.463579000000000185e+00
5.489808999999999273e+00
5.603062000000000431e+00
5.768444000000000571e+00
5.931131999999999849e+00
6.185497999999999941e+00
6.257858000000000587e+00
6.342090999999999923e+00
6.404741000000000462e+00
6.477903999999999662e+00
6.429354000000000013e+00
6.470581000000000138e+00
6.514742000000000033e+00
6.537689000000000306e+00
6.574368999999999907e+00
6.660194999999999865e+00
6.721864000000000061e+00
6.815091999999999928e+00
6.890110000000000845e+00
6.995838000000000889e+00
7.157097999999999516e+00
7.086005000000000109e+00
7.116716000000000264e+00
7.148291000000000395e+00
7.343727000000000338e+00
7.241074000000000233e+00
7.313767999999999603e+00
7.501622000000000234e+00
