-2.052082840235788019e+00
-2.004499999997141568e+00
-1.956738095238008679e+00
-1.946625000000580918e+00
-1.865583333333265870e+00
-1.808191082802311778e+00
-1.734587412587181854e+00
-1.676931297708672108e+00
-1.625540540539807122e+00
-1.613342465753992760e+00
-1.596178082192092118e+00
-1.597838709677080082e+00
-1.612133333331263740e+00
-1.619941176470709232e+00
-1.635664835166400932e+00
-1.631065217392353217e+00
-1.600754601226944462e+00
-1.593545454543209505e+00
-1.545223255811565943e+00
-1.550918032786817502e+00
-1.563212264150621644e+00
-1.553923076924041302e+00
-1.577130434782333612e+00
-1.560129032259018667e+00
-1.533533333333462645e+00
-1.526302469131948891e+00
-1.521959064327583988e+00
-1.508742138365503749e+00
-1.475436363634843540e+00
-1.424756410256343253e+00
-1.380496815288420054e+00
-1.326932432431786824e+00
-1.298155844155328698e+00
-1.257000000000000117e+00
-1.234415584415532896e+00
-1.198060402685074965e+00
-1.183000000000000052e+00
-1.159653594771127505e+00
-1.138707006370166974e+00
-1.098073619632541575e+00
-1.059559523809501247e+00
-1.033518518518052653e+00
-1.008000000000000007e+00
-9.702830188660181987e-01
-9.536711409400693285e-01
-9.339746835438373918e-01
-8.946438356162854655e-01
-8.599999999999999867e-01
-8.269523809513061874e-01
-8.002244897960476555e-01
-7.712554744525486061e-01
-7.432086330936005236e-01
-7.067092198579744133e-01
-6.889562043800272484e-01
-6.523529411777545528e-01
-6.430000000000000160e-01
-6.079999999999999849e-01
-5.840000000017638859e-01
-5.352380952381062817e-01
-5.160624999993320694e-01
-4.879999999999999893e-01
-4.693255813968599255e-01
-4.272204724409123799e-01
-4.083931034484308831e-01
-3.761679389308398291e-01
-3.520277777772724548e-01
-3.284014598543387176e-01
-3.536940298451640707e-01
-3.345725806450818296e-01
-3.444566929130501998e-01
-3.410080000185408133e-01
-3.932307692335246241e-01
-3.801680672270387196e-01
-3.923533834579210344e-01
-4.139435483860765541e-01
-4.234480000017210588e-01
-4.281395348867221284e-01
-4.550538461525959200e-01
-4.754846153856762681e-01
-4.651428571429759296e-01
-4.830642857142277702e-01
-5.310000000000000275e-01
-5.849597315440645540e-01
-5.949999999999999734e-01
-6.058609271528284657e-01
-6.195827814570238345e-01
-5.775584415570671482e-01
-5.706330935222652112e-01
-4.878679245256771213e-01
-5.518903225805046331e-01
-5.304523809510651722e-01
-4.958846153841633408e-01
-5.250800000003104095e-01
-5.430674157286285997e-01
-5.850551724138083332e-01
-6.127818181813435849e-01
-4.664449999999999985e-01
-4.424369999999999692e-01
-4.429210000000000091e-01
-4.178000000000000047e-01
-4.019880000000000120e-01
-3.664880000000000360e-01
-3.805729999999999946e-01
-3.457439999999999958e-01
-3.035039999999999960e-01
-2.934709999999999819e-01
-2.604949999999999766e-01
-2.649780000000000468e-01
-2.268780000000000241e-01
-2.365699999999999747e-01
-1.874250000000000083e-01
-1.830789999999999917e-01
-1.235760000000000053e-01
-1.198160000000000058e-01
-1.072000000000000036e-01
-4.642999999999999905e-02
-3.145699999999999885e-02
-3.789999999999999966e-03
2.374599999999999975e-02
4.536099999999999854e-02
5.601599999999999635e-02
7.992900000000000005e-02
8.690399999999999514e-02
1.216049999999999909e-01
1.374229999999999896e-01
1.474589999999999790e-01
1.744249999999999967e-01
2.285939999999999916e-01
2.338389999999999913e-01
2.144290000000000085e-01
2.228877640448437558e-01
2.408846741572150951e-01
2.588815842695864067e-01
2.768784943819577182e-01
2.948754044943290298e-01
3.128723146067003968e-01
3.308692247190717084e-01
3.488661348314430199e-01
3.668630449438143315e-01
3.848599550561856431e-01
4.028568651685570101e-01
4.208537752809282662e-01
4.388506853932996332e-01
4.568475955056709448e-01
4.748445056180422563e-01
4.928414157304136234e-01
5.108383258427848794e-01
5.288352359551562465e-01
5.544120000000000159e-01
5.431859999999999467e-01
5.572799999999999976e-01
5.500990000000000046e-01
5.892930000000000668e-01
5.940969999999999862e-01
5.980739999999999945e-01
6.094739999999999602e-01
6.559510000000000618e-01
6.658270000000000577e-01
6.683499999999999996e-01
6.693890000000000118e-01
6.733060000000000711e-01
6.929509999999999836e-01
7.155789999999999651e-01
7.193209999999999882e-01
7.179820000000000091e-01
7.103420000000000289e-01
7.266310000000000269e-01
7.198470000000000146e-01
7.347899999999999432e-01
7.419140000000000734e-01
7.553389999999999826e-01
7.399540000000000006e-01
7.542860000000000120e-01
7.683309999999999862e-01
7.490040000000000031e-01
7.548920000000000075e-01
7.487850000000000339e-01
7.691230000000000011e-01
7.719449999999999923e-01
7.592879999999999630e-01
7.813670000000000337e-01
7.856400000000000050e-01
7.557719999999999994e-01
7.844820000000000126e-01
7.920580000000000398e-01
7.789930000000000465e-01
7.756999999999999451e-01
8.008129999999999971e-01
8.403490000000000126e-01
8.268579999999999819e-01
8.270639999999999104e-01
8.399100000000000454e-01
8.109169999999999989e-01
8.089669999999999916e-01
8.349910000000000387e-01
8.461120000000000863e-01
8.601670000000000149e-01
8.845389999999999642e-01
9.009969999999999368e-01
9.129990000000000050e-01
9.182770000000000099e-01
9.208799999999999208e-01
9.243639999999999635e-01
9.403299999999998882e-01
9.485879999999998757e-01
9.540069999999999384e-01
9.672969999999999624e-01
9.719950000000000534e-01
9.735510000000000552e-01
9.755959999999999077e-01
9.864370000000001193e-01
1.000197000000000003e+00
1.015206999999999971e+00
1.016395000000000159e+00
1.021523999999999877e+00
1.034255999999999842e+00
1.034338999999999897e+00
1.041600999999999999e+00
1.055873999999999979e+00
1.058821000000000012e+00
1.063839999999999897e+00
1.072681999999999913e+00
1.098187000000000024e+00
1.102497999999999978e+00
1.095439000000000052e+00
1.112746000000000013e+00
1.127813999999999872e+00
1.139636000000000093e+00
1.139304000000000094e+00
1.140105999999999842e+00
1.144131999999999927e+00
1.171097999999999972e+00
1.167255999999999849e+00
1.144013999999999864e+00
1.175518999999999981e+00
1.186668999999999974e+00
1.181077000000000155e+00
1.180325999999999986e+00
1.190770999999999802e+00
1.211179999999999923e+00
1.208028000000000102e+00
1.214904999999999902e+00
1.233543999999999974e+00
1.243832999999999966e+00
1.242869000000000002e+00
1.229518000000000111e+00
1.229859999999999953e+00
1.235762000000000027e+00
1.246655999999999986e+00
1.277506999999999948e+00
1.292559000000000013e+00
1.284642999999999979e+00
1.277201999999999948e+00
1.284629000000000021e+00
1.310912000000000077e+00
1.307982999999999896e+00
1.301544000000000034e+00
1.293963999999999892e+00
1.310424000000000033e+00
1.308054999999999968e+00
1.272218000000000071e+00
1.284372999999999987e+00
1.303604999999999903e+00
1.309495999999999993e+00
1.286329000000000056e+00
1.266545000000000032e+00
1.298553999999999986e+00
1.288475999999999955e+00
1.266418999999999961e+00
1.268423999999999996e+00
1.265054999999999819e+00
1.260480999999999963e+00
1.258494000000000002e+00
1.251241999999999965e+00
1.240144000000000135e+00
1.220529000000000197e+00
1.205421999999999993e+00
1.192088999999999954e+00
1.178795000000000037e+00
1.173238000000000003e+00
1.166321999999999859e+00
1.159413000000000027e+00
1.193251000000000062e+00
1.193270000000000053e+00
1.211657999999999902e+00
1.275494000000000128e+00
1.303449999999999998e+00
1.294054000000000038e+00
1.332319000000000031e+00
1.329240999999999895e+00
1.396278000000000130e+00
1.445025000000000004e+00
1.464020000000000099e+00
1.499956999999999985e+00
1.522154999999999925e+00
1.563971000000000000e+00
1.570912000000000086e+00
1.625412999999999997e+00
1.633747999999999978e+00
1.665452999999999850e+00
1.694843000000000099e+00
1.693370000000000042e+00
1.700641999999999765e+00
1.718943000000000110e+00
1.763954000000000022e+00
1.764913000000000176e+00
1.789150999999999936e+00
1.781525000000000025e+00
1.825091999999999715e+00
1.845404999999999962e+00
1.852025999999999950e+00
1.865727000000000135e+00
1.886252999999999957e+00
1.910403999999999991e+00
1.929742999999999986e+00
1.945616999999999930e+00
1.960784000000000082e+00
1.987070999999999810e+00
2.025978999999999974e+00
2.055981999999999754e+00
2.066634999999999778e+00
2.104222000000000037e+00
2.140909999999999869e+00
2.167365000000000208e+00
2.175408000000000008e+00
2.198078999999999894e+00
2.216327999999999854e+00
2.231962999999999919e+00
2.263590000000000213e+00
2.288691000000000031e+00
2.308948000000000000e+00
2.324625999999999859e+00
2.356888000000000094e+00
2.387154999999999916e+00
2.413916999999999646e+00
2.437586999999999726e+00
2.463249000000000244e+00
2.486817999999999973e+00
2.505761000000000127e+00
2.528207000000000093e+00
2.559147999999999978e+00
2.598266999999999882e+00
2.626859999999999751e+00
2.657081999999999944e+00
2.681147999999999865e+00
2.737956000000000056e+00
2.726318000000000019e+00
2.727187999999999946e+00
2.748552000000000106e+00
2.758801000000000059e+00
2.782509000000000121e+00
2.814337000000000089e+00
2.846579000000000192e+00
2.876958000000000126e+00
2.872859000000000052e+00
2.868650000000000144e+00
2.887148999999999965e+00
2.915413999999999728e+00
2.944558999999999926e+00
2.972334999999999727e+00
3.000110999999999972e+00
3.021586999999999801e+00
3.037058000000000035e+00
3.047956999999999805e+00
3.067691999999999641e+00
3.091809000000000029e+00
3.109158000000000310e+00
3.125453999999999954e+00
3.144336999999999716e+00
3.197509999999999852e+00
3.226570000000000160e+00
3.237319999999999975e+00
3.242636000000000074e+00
3.263163000000000036e+00
3.297365000000000101e+00
3.343202999999999925e+00
3.363996999999999904e+00
3.373508000000000173e+00
3.381473999999999869e+00
3.393064999999999998e+00
3.448074999999999779e+00
3.459886000000000017e+00
3.392948000000000519e+00
3.469673000000000229e+00
3.527226999999999890e+00
3.559247000000000050e+00
3.554679000000000144e+00
3.574041000000000246e+00
3.616387000000000462e+00
3.621145999999999976e+00
3.624397000000000091e+00
3.637966999999999729e+00
3.664870999999999768e+00
3.709378000000000064e+00
3.720594999999999875e+00
3.734076000000000395e+00
3.832633999999999652e+00
3.906852999999999909e+00
3.986769999999999925e+00
3.967801999999999829e+00
3.989062999999999803e+00
4.017248999999999626e+00
4.086141999999999719e+00
4.176822000000000479e+00
4.183394999999999975e+00
4.215847000000000122e+00
4.332179000000000002e+00
4.422063999999999773e+00
4.501778999999999975e+00
4.590058999999999223e+00
4.619448000000000221e+00
4.636471000000000231e+00
4.664136000000000060e+00
4.691800999999999888e+00
4.807252000000000081e+00
4.917602999999999724e+00
4.903726999999999947e+00
4.904304999999999914e+00
5.007417000000000229e+00
5.080195999999999934e+00
5.137705000000000410e+00
5.227872000000000519e+00
5.356192000000000064e+00
5.385334999999999539e+00
5.452433999999999337e+00
5.643958999999999726e+00
5.871843000000000146e+00
6.092843000000000231e+00
6.174273999999999596e+00
6.185380999999999574e+00
6.318100000000000271e+00
6.367729999999999890e+00
6.363977999999999469e+00
6.377195999999999643e+00
6.398280000000000634e+00
6.511085999999999707e+00
6.528853999999999935e+00
6.610736000000000168e+00
6.683150000000000368e+00
6.755564999999999820e+00
6.815878999999999799e+00
6.830688999999999567e+00
6.845486000000000182e+00
6.860282999999999909e+00
6.819457000000000768e+00
6.796261999999999581e+00
6.848457000000000683e+00
6.923189999999999067e+00
7.052907000000000259e+00
7.237870000000000026e+00
