-2.052082840235788019e+00
-2.004499999997141568e+00
-1.956738095238008679e+00
-1.946625000000580918e+00
-1.865583333333265870e+00
-1.808191082802311778e+00
-1.734587412587181854e+00
-1.676931297708672108e+00
-1.625540540539807122e+00
-1.613342465753992760e+00
-1.596178082192092118e+00
-1.597838709677080082e+00
-1.612133333331263740e+00
-1.619941176470709232e+00
-1.635664835166400932e+00
-1.631065217392353217e+00
-1.600754601226944462e+00
-1.593545454543209505e+00
-1.545223255811565943e+00
-1.550918032786817502e+00
-1.563212264150621644e+00
-1.553923076924041302e+00
-1.577130434782333612e+00
-1.560129032259018667e+00
-1.533533333333462645e+00
-1.526302469131948891e+00
-1.521959064327583988e+00
-1.508742138365503749e+00
-1.475436363634843540e+00
-1.424756410256343253e+00
-1.380496815288420054e+00
-1.326932432431786824e+00
-1.298155844155328698e+00
-1.257000000000000117e+00
-1.234415584415532896e+00
-1.198060402685074965e+00
-1.183000000000000052e+00
-1.159653594771127505e+00
-1.138707006370166974e+00
-1.098073619632541575e+00
-1.059559523809501247e+00
-1.033518518518052653e+00
-1.008000000000000007e+00
-9.702830188660181987e-01
-9.536711409400693285e-01
-9.339746835438373918e-01
-8.946438356162854655e-01
-8.599999999999999867e-01
-8.269523809513061874e-01
-8.002244897960476555e-01
-7.712554744525486061e-01
-7.432086330936005236e-01
-7.067092198579744133e-01
-6.889562043800272484e-01
-6.523529411777545528e-01
-6.430000000000000160e-01
-6.079999999999999849e-01
-5.840000000017638859e-01
-5.352380952381062817e-01
-5.160624999993320694e-01
-4.879999999999999893e-01
-4.693255813968599255e-01
-4.272204724409123799e-01
-4.083931034484308831e-01
-3.761679389308398291e-01
-3.520277777772724548e-01
-3.284014598543387176e-01
-3.536940298451640707e-01
-3.345725806450818296e-01
-3.444566929130501998e-01
-3.410080000185408133e-01
-3.932307692335246241e-01
-3.801680672270387196e-01
-3.923533834579210344e-01
-4.139435483860765541e-01
-4.234480000017210588e-01
-4.281395348867221284e-01
-4.550538461525959200e-01
-4.754846153856762681e-01
-4.651428571429759296e-01
-4.830642857142277702e-01
-5.310000000000000275e-01
-5.849597315440645540e-01
-5.949999999999999734e-01
-6.058609271528284657e-01
-6.195827814570238345e-01
-5.775584415570671482e-01
-5.706330935222652112e-01
-4.878679245256771213e-01
-5.518903225805046331e-01
-5.304523809510651722e-01
-4.958846153841633408e-01
-5.250800000003104095e-01
-5.430674157286285997e-01
-5.850551724138083332e-01
-6.127818181813435849e-01
-5.211923076930611298e-01
-5.363928571426219705e-01
-5.457321428569480437e-01
-5.902696629217525359e-01
-5.653488372095857306e-01
-5.359268292674876921e-01
-5.473850931656527585e-01
-5.847966101691653984e-01
-5.155345911947843973e-01
-5.442250000001319643e-01
-5.402474011918833030e-01
-5.364260174768542555e-01
-5.326046337618250970e-01
-5.287832500467960495e-01
-5.249618663317670020e-01
-5.211404826167378435e-01
-5.173190989017087960e-01
-5.134977151866797485e-01
-5.096763314716507010e-01
-5.058549477566215424e-01
-5.020335640415924949e-01
-4.982121803265633919e-01
-4.943907966115343444e-01
-4.905694128965052414e-01
-4.867480291814761939e-01
-4.829266454664470909e-01
-4.791052617514179879e-01
-4.752838780363889404e-01
-4.714624943213598374e-01
-4.676411106063307899e-01
-4.638197268913016869e-01
-4.599983431762726394e-01
-4.561769594612435363e-01
-4.523555757462144333e-01
-4.485341920311853858e-01
-4.447128083161562828e-01
-4.408914246011271798e-01
-4.370700408860981323e-01
-4.332486571710690293e-01
-4.294272734560399818e-01
-4.256058897410108788e-01
-4.217845060259818313e-01
-4.179631223109527283e-01
-4.141417385959236253e-01
-4.103203548808945778e-01
-4.064989711658654747e-01
-4.026775874508363717e-01
-3.758623853203978959e-01
-3.116494845355627930e-01
-2.243602484486629245e-01
-2.000645161302133934e-01
-1.086131612708362837e-01
-1.023378729041349994e-01
-9.606258453743371506e-02
-8.978729617073241687e-02
-8.351200780403113255e-02
-7.723671943732984824e-02
-7.096143107062855004e-02
-6.468614270392726573e-02
-5.841085433722597448e-02
-5.213556597052469016e-02
-4.586027760382339891e-02
-3.958498923712211459e-02
-3.330970087042081640e-02
-2.703441250371953208e-02
-2.075912413701824777e-02
-1.448383577031694958e-02
-8.208547403615665261e-03
-1.933259036914380946e-03
4.342029329786917247e-03
1.061731769648820156e-02
1.689260606318949975e-02
2.316789442989077019e-02
2.944318279659206838e-02
3.571847116329336658e-02
8.282699999999999785e-02
6.436300000000000354e-02
9.135300000000000364e-02
2.138940000000000008e-01
2.605320000000000413e-01
3.181030000000000246e-01
3.824790000000000134e-01
4.363500000000000156e-01
4.476370000000000071e-01
4.940510000000000179e-01
4.962750000000000217e-01
5.466360000000000108e-01
5.877220000000000777e-01
6.336380000000000345e-01
6.748430000000000817e-01
7.019579999999999709e-01
7.036590000000000344e-01
7.139330000000000398e-01
7.505500000000000504e-01
8.095409999999999551e-01
8.299129999999999008e-01
8.614799999999999125e-01
8.619969999999999022e-01
8.815850000000000630e-01
9.490620000000000722e-01
9.422500000000000320e-01
9.624690000000000190e-01
9.611209999999998921e-01
1.018656999999999924e+00
1.030620000000000092e+00
1.051062999999999859e+00
1.118152000000000035e+00
1.147669000000000050e+00
1.124254000000000087e+00
1.173004000000000158e+00
1.200293000000000054e+00
1.198779000000000039e+00
1.221287000000000011e+00
1.235109999999999930e+00
1.222920000000000007e+00
1.238187000000000149e+00
1.280891000000000002e+00
1.303196000000000021e+00
1.316184999999999938e+00
1.331633000000000067e+00
1.334137999999999824e+00
1.350618000000000096e+00
1.352628000000000164e+00
1.362634000000000123e+00
1.366478000000000081e+00
1.370341000000000031e+00
1.409770999999999885e+00
1.405577999999999994e+00
1.402700999999999976e+00
1.435521999999999965e+00
1.444020999999999999e+00
1.444841999999999960e+00
1.472461000000000020e+00
1.475146999999999986e+00
1.480690000000000062e+00
1.492882000000000042e+00
1.500564000000000009e+00
1.511351000000000111e+00
1.494238999999999873e+00
1.499357999999999969e+00
1.514186000000000032e+00
1.502740999999999882e+00
1.492129999999999956e+00
1.507317000000000018e+00
1.490374000000000088e+00
1.467929000000000039e+00
1.489371000000000000e+00
1.481227000000000071e+00
1.456454000000000137e+00
1.440509999999999957e+00
1.453630999999999895e+00
1.441030999999999951e+00
1.432486000000000148e+00
1.422851000000000088e+00
1.424018000000000006e+00
1.365570999999999868e+00
1.304738999999999871e+00
1.348179000000000016e+00
1.318389000000000033e+00
1.237461000000000144e+00
1.256762000000000157e+00
1.344154000000000071e+00
1.358777000000000124e+00
1.327757000000000076e+00
1.348122000000000043e+00
1.377512000000000070e+00
1.381852000000000080e+00
1.385059000000000040e+00
1.387221999999999955e+00
1.380686000000000080e+00
1.392029999999999879e+00
1.370063999999999949e+00
1.398328000000000015e+00
1.408471999999999946e+00
1.413212999999999830e+00
1.426771000000000011e+00
1.415310999999999986e+00
1.429761999999999977e+00
1.465748999999999969e+00
1.429579999999999851e+00
1.475033999999999956e+00
1.475510000000000099e+00
1.479406999999999917e+00
1.471127000000000073e+00
1.492444000000000104e+00
1.481357000000000035e+00
1.504980999999999902e+00
1.508723999999999954e+00
1.508860000000000090e+00
1.550462999999999925e+00
1.586000000000000076e+00
1.637993999999999950e+00
1.612180999999999864e+00
1.660174000000000261e+00
1.706879999999999953e+00
1.696766999999999914e+00
1.734079000000000148e+00
1.770890999999999993e+00
1.784607000000000054e+00
1.803852999999999929e+00
1.833283999999999914e+00
1.874404999999999877e+00
1.905784999999999840e+00
1.943972000000000033e+00
1.974181000000000186e+00
1.995029000000000163e+00
2.032535999999999898e+00
2.059833000000000247e+00
2.101058000000000092e+00
2.105430000000000135e+00
2.148595000000000255e+00
2.161672000000000260e+00
2.172202999999999662e+00
2.231854999999999922e+00
2.240882000000000041e+00
2.234199999999999964e+00
2.265829000000000093e+00
2.298415000000000319e+00
2.320778999999999925e+00
2.357968000000000064e+00
2.395769000000000037e+00
2.425575999999999954e+00
2.455115000000000158e+00
2.458210999999999924e+00
2.484313999999999911e+00
2.481097999999999804e+00
2.526517999999999819e+00
2.509889999999999954e+00
2.538434999999999775e+00
2.565109999999999779e+00
2.568000000000000060e+00
2.596689000000000025e+00
2.615883000000000180e+00
2.614479000000000219e+00
2.601922000000000068e+00
2.635651999999999884e+00
2.658538000000000068e+00
2.684095000000000120e+00
2.669728000000000101e+00
2.699317999999999884e+00
2.727329999999999810e+00
2.731002999999999847e+00
2.764066999999999830e+00
2.773161999999999683e+00
2.786954000000000153e+00
2.741095999999999755e+00
2.811536000000000257e+00
2.832656999999999758e+00
2.849074000000000328e+00
2.855750999999999706e+00
2.817178999999999878e+00
2.867700999999999834e+00
2.918395000000000294e+00
2.932809999999999917e+00
2.922555000000000014e+00
2.918118999999999907e+00
2.975358000000000391e+00
2.988844999999999974e+00
2.992697999999999858e+00
2.952374000000000276e+00
3.007941999999999894e+00
2.960493000000000041e+00
3.019490999999999925e+00
3.050243000000000038e+00
3.045962999999999976e+00
3.065805000000000113e+00
3.079394999999999882e+00
3.095225999999999811e+00
3.112119999999999997e+00
3.167438999999999893e+00
3.184814999999999952e+00
3.208561999999999692e+00
3.229722999999999900e+00
3.282223999999999808e+00
3.258938000000000113e+00
3.283301000000000247e+00
3.278878999999999877e+00
3.293517000000000028e+00
3.328894999999999715e+00
3.343034999999999979e+00
3.350449999999999928e+00
3.408880000000000354e+00
3.440255999999999759e+00
3.464773999999999798e+00
3.450352999999999781e+00
3.459240000000000315e+00
3.470441000000000553e+00
3.489511000000000251e+00
3.500355000000000327e+00
3.570615000000000094e+00
3.549133999999999567e+00
3.590623000000000342e+00
3.621091000000000282e+00
3.613666999999999963e+00
3.689787999999999624e+00
3.697041999999999717e+00
3.705522000000000205e+00
3.778856999999999911e+00
3.803630000000000511e+00
3.828786000000000023e+00
3.861720999999999737e+00
3.942830999999999975e+00
4.038793000000000077e+00
4.094890000000000363e+00
4.166752999999999929e+00
4.137201000000000128e+00
4.184324000000000154e+00
4.249537999999999371e+00
4.254308999999999230e+00
4.292486000000000246e+00
4.387158000000000335e+00
4.506891000000000425e+00
4.570825000000000138e+00
4.634972000000000314e+00
4.671432000000000251e+00
4.618394999999999584e+00
4.605843000000000131e+00
4.732535999999999632e+00
4.932283999999999224e+00
5.028795999999999822e+00
4.967348999999999570e+00
4.931071000000000204e+00
5.023265000000000313e+00
5.071839999999999904e+00
5.202729999999999855e+00
5.264248999999999512e+00
5.459210999999999814e+00
5.518756999999999913e+00
5.518756999999999913e+00
5.518756999999999913e+00
5.518756999999999913e+00
5.518756999999999913e+00
5.518756999999999913e+00
5.518756999999999913e+00
5.518756999999999913e+00
5.518756999999999913e+00
5.518756999999999913e+00
5.518756999999999913e+00
5.518756999999999913e+00
5.518756999999999913e+00
5.518756999999999913e+00
5.518756999999999913e+00
5.518756999999999913e+00
5.518756999999999913e+00
5.518756999999999913e+00
5.518756999999999913e+00
5.518756999999999913e+00
5.518756999999999913e+00
5.518756999999999913e+00
5.518756999999999913e+00
5.518756999999999913e+00
5.518756999999999913e+00
5.518756999999999913e+00
5.518756999999999913e+00
