-2.052082840235788019e+00
-2.004499999997141568e+00
-1.956738095238008679e+00
-1.946625000000580918e+00
-1.865583333333265870e+00
-1.808191082802311778e+00
-1.734587412587181854e+00
-1.676931297708672108e+00
-1.625540540539807122e+00
-1.613342465753992760e+00
-1.596178082192092118e+00
-1.597838709677080082e+00
-1.612133333331263740e+00
-1.619941176470709232e+00
-1.635664835166400932e+00
-1.631065217392353217e+00
-1.600754601226944462e+00
-1.593545454543209505e+00
-1.545223255811565943e+00
-1.550918032786817502e+00
-1.563212264150621644e+00
-1.553923076924041302e+00
-1.577130434782333612e+00
-1.560129032259018667e+00
-1.533533333333462645e+00
-1.526302469131948891e+00
-1.521959064327583988e+00
-1.508742138365503749e+00
-1.475436363634843540e+00
-1.424756410256343253e+00
-1.380496815288420054e+00
-1.326932432431786824e+00
-1.298155844155328698e+00
-1.257000000000000117e+00
-1.234415584415532896e+00
-1.198060402685074965e+00
-1.183000000000000052e+00
-1.159653594771127505e+00
-1.138707006370166974e+00
-1.098073619632541575e+00
-1.059559523809501247e+00
-1.033518518518052653e+00
-1.008000000000000007e+00
-9.702830188660181987e-01
-9.536711409400693285e-01
-9.339746835438373918e-01
-8.946438356162854655e-01
-8.599999999999999867e-01
-8.269523809513061874e-01
-8.002244897960476555e-01
-7.712554744525486061e-01
-7.432086330936005236e-01
-7.067092198579744133e-01
-6.889562043800272484e-01
-6.523529411777545528e-01
-6.430000000000000160e-01
-6.079999999999999849e-01
-5.840000000017638859e-01
-5.352380952381062817e-01
-5.160624999993320694e-01
-4.879999999999999893e-01
-4.693255813968599255e-01
-4.272204724409123799e-01
-4.083931034484308831e-01
-3.761679389308398291e-01
-3.520277777772724548e-01
-3.284014598543387176e-01
-3.536940298451640707e-01
-3.345725806450818296e-01
-3.444566929130501998e-01
-3.410080000185408133e-01
-3.932307692335246241e-01
-3.801680672270387196e-01
-3.923533834579210344e-01
-4.139435483860765541e-01
-4.234480000017210588e-01
-4.281395348867221284e-01
-4.550538461525959200e-01
-4.754846153856762681e-01
-4.651428571429759296e-01
-4.830642857142277702e-01
-5.310000000000000275e-01
-5.849597315440645540e-01
-5.949999999999999734e-01
-6.058609271528284657e-01
-6.195827814570238345e-01
-5.775584415570671482e-01
-5.706330935222652112e-01
-4.878679245256771213e-01
-5.518903225805046331e-01
-5.304523809510651722e-01
-4.958846153841633408e-01
-5.250800000003104095e-01
-5.430674157286285997e-01
-5.850551724138083332e-01
-6.127818181813435849e-01
-5.211923076930611298e-01
-5.363928571426219705e-01
-5.457321428569480437e-01
-5.902696629217525359e-01
-5.653488372095857306e-01
-5.359268292674876921e-01
-5.473850931656527585e-01
-5.847966101691653984e-01
-5.155345911947843973e-01
-5.442250000001319643e-01
-5.402474011918833030e-01
-5.364260174768542555e-01
-5.326046337618250970e-01
-5.287832500467960495e-01
-5.249618663317670020e-01
-5.211404826167378435e-01
-5.173190989017087960e-01
-5.134977151866797485e-01
-5.096763314716507010e-01
-5.058549477566215424e-01
-5.020335640415924949e-01
-4.982121803265633919e-01
-4.943907966115343444e-01
-4.905694128965052414e-01
-4.867480291814761939e-01
-4.829266454664470909e-01
-4.791052617514179879e-01
-4.752838780363889404e-01
-4.714624943213598374e-01
-4.676411106063307899e-01
-4.638197268913016869e-01
-4.599983431762726394e-01
-4.561769594612435363e-01
-4.523555757462144333e-01
-4.485341920311853858e-01
-4.447128083161562828e-01
-4.408914246011271798e-01
-4.370700408860981323e-01
-4.332486571710690293e-01
-4.294272734560399818e-01
-4.256058897410108788e-01
-4.217845060259818313e-01
-4.179631223109527283e-01
-4.141417385959236253e-01
-4.103203548808945778e-01
-4.064989711658654747e-01
-4.026775874508363717e-01
-3.758623853203978959e-01
-3.116494845355627930e-01
-2.243602484486629245e-01
-2.000645161302133934e-01
-1.126922784886760787e-01
-1.248745340924671404e-01
-1.370567896962582022e-01
-1.492390453000492501e-01
-1.614213009038402979e-01
-1.736035565076313736e-01
-1.857858121114224215e-01
-1.979680677152134693e-01
-2.101503233190045172e-01
-2.391689999999999927e-01
-2.777999999999999914e-01
-1.849790000000000045e-01
-1.203960000000000030e-01
-8.411399999999999433e-02
-1.341670000000000085e-01
-7.230599999999999528e-02
-2.800700000000000064e-02
-5.137800000000000006e-02
-5.671000000000000346e-02
1.590999999999999966e-03
-9.067400000000000460e-02
7.874699999999999755e-02
1.076480000000000076e-01
2.504659999999999664e-01
3.016880000000000117e-01
3.567179999999999795e-01
3.655410000000000048e-01
3.927110000000000323e-01
4.076909999999999701e-01
4.540260000000000407e-01
5.186800000000000299e-01
5.001970000000000027e-01
5.638560000000000239e-01
6.112340000000000551e-01
6.038279999999999204e-01
6.750960000000000294e-01
6.955729999999999968e-01
7.093669999999999698e-01
7.301100000000000367e-01
7.928310000000000635e-01
8.133310000000000262e-01
8.243860000000000632e-01
8.367989999999999595e-01
8.524089999999999723e-01
8.800110000000000987e-01
9.185900000000000176e-01
9.617950000000000665e-01
9.858419999999999961e-01
9.944350000000000689e-01
9.805829999999999824e-01
9.844969999999999555e-01
1.001632999999999996e+00
1.039107000000000003e+00
1.072311000000000014e+00
1.105097999999999914e+00
1.139675999999999911e+00
1.136039999999999939e+00
1.133122999999999880e+00
1.145561999999999969e+00
1.146395000000000053e+00
1.143783999999999912e+00
1.139770999999999868e+00
1.156219000000000108e+00
1.180835000000000079e+00
1.214050999999999991e+00
1.236159999999999926e+00
1.247879999999999878e+00
1.244487999999999817e+00
1.241670999999999969e+00
1.236744999999999983e+00
1.228396999999999961e+00
1.247539999999999871e+00
1.270809999999999995e+00
1.292022000000000004e+00
1.325166999999999984e+00
1.356290999999999913e+00
1.369811000000000112e+00
1.365362999999999882e+00
1.354678000000000049e+00
1.352655999999999858e+00
1.342591000000000090e+00
1.330227000000000048e+00
1.325603000000000087e+00
1.342410000000000103e+00
1.367393000000000081e+00
1.371424999999999894e+00
1.382094000000000156e+00
1.394264999999999866e+00
1.378239999999999910e+00
1.350212000000000190e+00
1.312575000000000047e+00
1.265263999999999944e+00
1.225924999999999931e+00
1.107466999999999979e+00
9.160690000000000222e-01
9.426540000000001029e-01
9.912129999999998997e-01
1.081787999999999972e+00
1.162610000000000143e+00
1.104233000000000020e+00
1.085770000000000124e+00
1.154652000000000012e+00
1.072807999999999984e+00
9.787270000000000136e-01
1.109888999999999903e+00
1.255098000000000047e+00
1.272279999999999855e+00
1.237389999999999990e+00
1.222813999999999846e+00
1.285854000000000052e+00
1.322661000000000087e+00
1.313511000000000095e+00
1.314322999999999908e+00
1.346149999999999958e+00
1.356192000000000064e+00
1.344736000000000153e+00
1.331445999999999907e+00
1.352571999999999885e+00
1.378595000000000015e+00
1.373048999999999964e+00
1.364041000000000059e+00
1.354959000000000024e+00
1.398859000000000075e+00
1.385004999999999820e+00
1.385000000000000009e+00
1.384586000000000094e+00
1.384633999999999920e+00
1.392554000000000070e+00
1.401063999999999865e+00
1.410096000000000016e+00
1.422184000000000115e+00
1.435786000000000007e+00
1.452888999999999875e+00
1.473683999999999994e+00
1.497079999999999966e+00
1.520110999999999990e+00
1.551943999999999990e+00
1.594870999999999928e+00
1.610862000000000016e+00
1.583921999999999830e+00
1.638308000000000098e+00
1.651790000000000092e+00
1.657733000000000123e+00
1.666388999999999898e+00
1.692952000000000012e+00
1.747520999999999880e+00
1.744633000000000100e+00
1.740977999999999914e+00
1.755920000000000147e+00
1.798604000000000092e+00
1.826349999999999918e+00
1.855955000000000021e+00
1.893459000000000003e+00
1.916340000000000154e+00
1.918436000000000030e+00
1.927879000000000120e+00
1.959625999999999868e+00
1.986533000000000104e+00
2.011045000000000194e+00
2.035139000000000031e+00
2.052988999999999731e+00
2.063832000000000111e+00
2.098400999999999961e+00
2.135918999999999901e+00
2.172363999999999962e+00
2.211790999999999840e+00
2.251700999999999731e+00
2.290586000000000233e+00
2.337540000000000173e+00
2.379733000000000320e+00
2.397325999999999624e+00
2.420093000000000050e+00
2.434433999999999987e+00
2.426385999999999932e+00
2.450864000000000154e+00
2.463990000000000347e+00
2.452059999999999906e+00
2.457237000000000116e+00
2.478450999999999738e+00
2.518524999999999903e+00
2.550724999999999909e+00
2.581061999999999745e+00
2.613774999999999959e+00
2.652622000000000035e+00
2.671284999999999688e+00
2.685223000000000138e+00
2.696104000000000056e+00
2.706224000000000185e+00
2.717327000000000048e+00
2.732215000000000060e+00
2.751863999999999866e+00
2.757857000000000003e+00
2.760412000000000088e+00
2.763336999999999932e+00
2.776291999999999760e+00
2.772806999999999800e+00
2.773200999999999805e+00
2.786729999999999929e+00
2.809658999999999907e+00
2.824481000000000019e+00
2.831014000000000141e+00
2.852978999999999932e+00
2.891363000000000127e+00
2.930833999999999939e+00
2.934628000000000014e+00
2.932697999999999805e+00
2.960353000000000012e+00
2.968212999999999990e+00
2.961041999999999952e+00
3.009309999999999707e+00
3.002890999999999977e+00
2.986515000000000253e+00
3.039440000000000364e+00
3.064700999999999897e+00
3.076204000000000160e+00
3.108724000000000043e+00
3.096641999999999673e+00
3.158186000000000160e+00
3.145448000000000022e+00
3.195911999999999864e+00
3.200603000000000087e+00
3.241770999999999958e+00
3.257929999999999993e+00
3.242896000000000001e+00
3.265047000000000033e+00
3.278224999999999945e+00
3.306166000000000160e+00
3.353258999999999546e+00
3.367086000000000023e+00
3.371251999999999693e+00
3.351026000000000060e+00
3.347719999999999807e+00
3.378823999999999828e+00
3.442519999999999580e+00
3.480952999999999964e+00
3.511483999999999828e+00
3.539791999999999828e+00
3.553305000000000380e+00
3.565001999999999782e+00
3.585716000000000570e+00
3.620229000000000141e+00
3.660034999999999705e+00
3.671625000000000139e+00
3.735469000000000150e+00
3.742720999999999965e+00
3.790153000000000105e+00
3.790633000000000141e+00
3.779990000000000183e+00
3.810135999999999967e+00
3.814160999999999913e+00
3.865564000000000000e+00
3.969660999999999884e+00
4.002524000000000193e+00
4.093319000000000152e+00
4.138982000000000383e+00
4.169585999999999792e+00
4.185240000000000293e+00
4.174478999999999829e+00
4.239635999999999960e+00
4.341994000000000575e+00
4.443190000000000417e+00
4.570713999999999722e+00
4.595067000000000235e+00
4.609249000000000152e+00
4.609249000000000152e+00
4.609249000000000152e+00
4.609249000000000152e+00
4.609249000000000152e+00
4.609249000000000152e+00
4.609249000000000152e+00
4.609249000000000152e+00
4.609249000000000152e+00
4.609249000000000152e+00
4.609249000000000152e+00
4.609249000000000152e+00
4.609249000000000152e+00
4.609249000000000152e+00
4.609249000000000152e+00
4.609249000000000152e+00
4.609249000000000152e+00
4.609249000000000152e+00
4.609249000000000152e+00
4.609249000000000152e+00
4.609249000000000152e+00
4.609249000000000152e+00
4.609249000000000152e+00
4.609249000000000152e+00
4.609249000000000152e+00
4.609249000000000152e+00
4.609249000000000152e+00
4.609249000000000152e+00
4.609249000000000152e+00
4.609249000000000152e+00
4.609249000000000152e+00
4.609249000000000152e+00
4.609249000000000152e+00
4.609249000000000152e+00
4.609249000000000152e+00
4.609249000000000152e+00
4.609249000000000152e+00
4.609249000000000152e+00
4.609249000000000152e+00
4.609249000000000152e+00
