-2.052082840235788019e+00
-2.004499999997141568e+00
-1.956738095238008679e+00
-1.946625000000580918e+00
-1.865583333333265870e+00
-1.808191082802311778e+00
-1.734587412587181854e+00
-1.676931297708672108e+00
-1.625540540539807122e+00
-1.613342465753992760e+00
-1.596178082192092118e+00
-1.597838709677080082e+00
-1.612133333331263740e+00
-1.619941176470709232e+00
-1.635664835166400932e+00
-1.631065217392353217e+00
-1.600754601226944462e+00
-1.593545454543209505e+00
-1.545223255811565943e+00
-1.550918032786817502e+00
-1.563212264150621644e+00
-1.553923076924041302e+00
-1.577130434782333612e+00
-1.560129032259018667e+00
-1.533533333333462645e+00
-1.526302469131948891e+00
-1.521959064327583988e+00
-1.508742138365503749e+00
-1.475436363634843540e+00
-1.424756410256343253e+00
-1.380496815288420054e+00
-1.326932432431786824e+00
-1.298155844155328698e+00
-1.257000000000000117e+00
-1.234415584415532896e+00
-1.198060402685074965e+00
-1.183000000000000052e+00
-1.159653594771127505e+00
-1.138707006370166974e+00
-1.098073619632541575e+00
-1.059559523809501247e+00
-1.033518518518052653e+00
-1.008000000000000007e+00
-9.702830188660181987e-01
-9.536711409400693285e-01
-9.339746835438373918e-01
-8.946438356162854655e-01
-8.599999999999999867e-01
-8.269523809513061874e-01
-8.002244897960476555e-01
-7.712554744525486061e-01
-7.432086330936005236e-01
-7.067092198579744133e-01
-6.889562043800272484e-01
-6.523529411777545528e-01
-6.430000000000000160e-01
-6.079999999999999849e-01
-5.840000000017638859e-01
-5.352380952381062817e-01
-5.160624999993320694e-01
-4.879999999999999893e-01
-4.693255813968599255e-01
-4.272204724409123799e-01
-4.083931034484308831e-01
-3.761679389308398291e-01
-3.520277777772724548e-01
-3.284014598543387176e-01
-3.536940298451640707e-01
-3.345725806450818296e-01
-3.444566929130501998e-01
-3.410080000185408133e-01
-3.932307692335246241e-01
-3.801680672270387196e-01
-3.923533834579210344e-01
-4.139435483860765541e-01
-4.234480000017210588e-01
-4.281395348867221284e-01
-4.550538461525959200e-01
-4.754846153856762681e-01
-4.651428571429759296e-01
-4.830642857142277702e-01
-5.310000000000000275e-01
-5.849597315440645540e-01
-5.949999999999999734e-01
-6.058609271528284657e-01
-6.195827814570238345e-01
-5.775584415570671482e-01
-5.706330935222652112e-01
-4.878679245256771213e-01
-5.518903225805046331e-01
-5.304523809510651722e-01
-4.958846153841633408e-01
-5.250800000003104095e-01
-5.430674157286285997e-01
-5.850551724138083332e-01
-6.127818181813435849e-01
-5.211923076930611298e-01
-5.363928571426219705e-01
-5.457321428569480437e-01
-5.902696629217525359e-01
-5.653488372095857306e-01
-5.359268292674876921e-01
-5.473850931656527585e-01
-5.847966101691653984e-01
-5.155345911947843973e-01
-5.442250000001319643e-01
-5.402474011918833030e-01
-5.364260174768542555e-01
-5.326046337618250970e-01
-5.287832500467960495e-01
-5.249618663317670020e-01
-5.211404826167378435e-01
-5.173190989017087960e-01
-5.134977151866797485e-01
-5.096763314716507010e-01
-5.058549477566215424e-01
-5.020335640415924949e-01
-4.982121803265633919e-01
-4.943907966115343444e-01
-4.905694128965052414e-01
-4.867480291814761939e-01
-4.829266454664470909e-01
-4.791052617514179879e-01
-4.752838780363889404e-01
-4.714624943213598374e-01
-4.676411106063307899e-01
-4.638197268913016869e-01
-4.599983431762726394e-01
-4.561769594612435363e-01
-4.523555757462144333e-01
-4.485341920311853858e-01
-4.447128083161562828e-01
-4.408914246011271798e-01
-4.370700408860981323e-01
-4.332486571710690293e-01
-4.294272734560399818e-01
-4.256058897410108788e-01
-4.217845060259818313e-01
-4.179631223109527283e-01
-4.141417385959236253e-01
-4.103203548808945778e-01
-4.064989711658654747e-01
-4.026775874508363717e-01
-3.758623853203978959e-01
-3.116494845355627930e-01
-2.243602484486629245e-01
-2.000645161302133934e-01
-1.152793421486212055e-01
-1.391677681583677884e-01
-1.630561941681143712e-01
-1.869446201778609540e-01
-2.108330461876075645e-01
-2.347214721973541196e-01
-2.087289999999999979e-01
-2.113030000000000186e-01
-3.196360000000000312e-01
-2.661070000000000380e-01
-1.896349999999999980e-01
-2.296179999999999888e-01
-1.584190000000000043e-01
-1.364430000000000087e-01
-2.538699999999999846e-01
-4.167069999999999941e-01
-3.043889999999999652e-01
-1.827089999999999825e-01
-1.454440000000000177e-01
-2.722829999999999973e-01
-1.650459999999999983e-01
-5.030799999999999855e-02
-9.386300000000000199e-02
-1.103240000000000054e-01
7.625599999999999046e-02
1.637640000000000207e-01
2.244610000000000216e-01
2.694050000000000056e-01
3.008629999999999916e-01
3.661150000000000237e-01
4.412770000000000303e-01
4.865640000000000520e-01
5.317990000000000217e-01
5.832800000000000207e-01
6.101860000000000062e-01
6.295330000000000092e-01
6.548199999999999577e-01
7.098800000000000665e-01
7.630810000000000093e-01
8.090680000000000094e-01
8.413979999999999793e-01
8.600959999999998606e-01
8.710909999999999487e-01
8.837389999999999413e-01
9.139209999999998724e-01
9.453440000000000731e-01
9.749860000000000193e-01
1.013185000000000002e+00
1.054440999999999962e+00
1.086986000000000008e+00
1.104257000000000044e+00
1.110101000000000004e+00
1.120446999999999971e+00
1.121807999999999916e+00
1.138816000000000050e+00
1.162782999999999900e+00
1.186598999999999959e+00
1.203559999999999963e+00
1.237612000000000156e+00
1.264762999999999860e+00
1.278410999999999964e+00
1.276307000000000080e+00
1.270097999999999949e+00
1.275970000000000049e+00
1.284507999999999983e+00
1.294964000000000004e+00
1.310856000000000021e+00
1.329912999999999901e+00
1.361407000000000034e+00
1.389415999999999984e+00
1.404062999999999839e+00
1.399424000000000001e+00
1.386655999999999889e+00
1.388260999999999967e+00
1.396560000000000024e+00
1.395410000000000039e+00
1.406687000000000021e+00
1.415868000000000126e+00
1.424639999999999906e+00
1.436095000000000121e+00
1.451573999999999920e+00
1.475662000000000029e+00
1.499243000000000103e+00
1.517117000000000049e+00
1.534444000000000141e+00
1.539560999999999957e+00
1.541623999999999883e+00
1.545924000000000076e+00
1.553437999999999874e+00
1.545447000000000015e+00
1.545741999999999949e+00
1.559649000000000063e+00
1.570295999999999914e+00
1.579633000000000065e+00
1.594687000000000188e+00
1.613499000000000017e+00
1.625493000000000077e+00
1.623604000000000047e+00
1.592738999999999905e+00
1.601224999999999898e+00
1.590851000000000015e+00
1.598600000000000021e+00
1.578071999999999919e+00
1.584799999999999986e+00
1.574446999999999930e+00
1.556261000000000116e+00
1.561922999999999950e+00
1.521029000000000186e+00
1.413836000000000093e+00
1.410139999999999949e+00
1.454888999999999877e+00
1.416001999999999983e+00
1.414804999999999868e+00
1.416600000000000081e+00
1.487829999999999986e+00
1.487609029126213400e+00
1.487388058252426593e+00
1.487167087378640007e+00
1.486946116504853421e+00
1.486725145631066836e+00
1.486504174757280028e+00
1.486283203883493442e+00
1.486062233009706857e+00
1.485841262135920049e+00
1.485620291262133463e+00
1.499376000000000042e+00
1.476860000000000062e+00
1.492825999999999986e+00
1.517231999999999914e+00
1.500770000000000159e+00
1.530073999999999934e+00
1.531003000000000114e+00
1.509573999999999971e+00
1.534116000000000035e+00
1.540844000000000102e+00
1.560029000000000110e+00
1.553963999999999901e+00
1.555829000000000129e+00
1.589331999999999967e+00
1.580312999999999857e+00
1.630486000000000102e+00
1.648545999999999845e+00
1.645575999999999928e+00
1.676147000000000054e+00
1.715620000000000145e+00
1.750186000000000019e+00
1.790942999999999952e+00
1.827127999999999863e+00
1.855240999999999918e+00
1.893723000000000045e+00
1.936647000000000007e+00
1.976391999999999927e+00
2.008709000000000078e+00
2.049131000000000036e+00
2.052758000000000305e+00
2.069747000000000003e+00
2.111121999999999943e+00
2.128611000000000253e+00
2.173399999999999999e+00
2.192841999999999736e+00
2.223341000000000012e+00
2.250191999999999748e+00
2.277633000000000241e+00
2.313625999999999738e+00
2.331852999999999732e+00
2.367316000000000198e+00
2.389002000000000070e+00
2.433141999999999694e+00
2.437695999999999863e+00
2.472245000000000026e+00
2.486803000000000097e+00
2.521693999999999658e+00
2.517206999999999972e+00
2.543895000000000017e+00
2.539497000000000337e+00
2.567954999999999988e+00
2.539779999999999927e+00
2.585561000000000220e+00
2.594900999999999680e+00
2.638659000000000088e+00
2.633913999999999866e+00
2.654565999999999981e+00
2.684474000000000249e+00
2.695791999999999966e+00
2.692177999999999738e+00
2.707399000000000111e+00
2.741378000000000092e+00
2.757981000000000016e+00
2.775984999999999925e+00
2.811224999999999863e+00
2.830044000000000004e+00
2.826620999999999828e+00
2.818831000000000309e+00
2.829397000000000162e+00
2.845641999999999783e+00
2.892183000000000170e+00
2.905845999999999929e+00
2.906249000000000304e+00
2.903502999999999723e+00
2.895296000000000092e+00
2.932285999999999948e+00
2.965924000000000227e+00
2.998105999999999938e+00
3.015193000000000012e+00
3.014877000000000251e+00
3.010549999999999837e+00
3.037929000000000102e+00
3.025386000000000131e+00
3.057916999999999774e+00
3.085752999999999968e+00
3.100112999999999897e+00
3.100112999999999897e+00
3.100112999999999897e+00
3.100112999999999897e+00
3.100112999999999897e+00
3.100112999999999897e+00
3.100112999999999897e+00
3.100112999999999897e+00
3.100112999999999897e+00
3.100112999999999897e+00
3.100112999999999897e+00
3.100112999999999897e+00
3.100112999999999897e+00
3.100112999999999897e+00
3.100112999999999897e+00
3.100112999999999897e+00
3.100112999999999897e+00
3.100112999999999897e+00
3.100112999999999897e+00
3.100112999999999897e+00
3.100112999999999897e+00
3.100112999999999897e+00
3.100112999999999897e+00
3.100112999999999897e+00
3.100112999999999897e+00
3.100112999999999897e+00
3.100112999999999897e+00
3.100112999999999897e+00
3.100112999999999897e+00
3.100112999999999897e+00
3.100112999999999897e+00
3.100112999999999897e+00
3.100112999999999897e+00
3.100112999999999897e+00
3.100112999999999897e+00
3.100112999999999897e+00
3.100112999999999897e+00
3.100112999999999897e+00
3.100112999999999897e+00
3.100112999999999897e+00
3.100112999999999897e+00
3.100112999999999897e+00
3.100112999999999897e+00
3.100112999999999897e+00
3.100112999999999897e+00
3.100112999999999897e+00
3.100112999999999897e+00
3.100112999999999897e+00
3.100112999999999897e+00
3.100112999999999897e+00
3.100112999999999897e+00
3.100112999999999897e+00
3.100112999999999897e+00
3.100112999999999897e+00
3.100112999999999897e+00
3.100112999999999897e+00
3.100112999999999897e+00
3.100112999999999897e+00
3.100112999999999897e+00
3.100112999999999897e+00
3.100112999999999897e+00
3.100112999999999897e+00
3.100112999999999897e+00
3.100112999999999897e+00
3.100112999999999897e+00
3.100112999999999897e+00
3.100112999999999897e+00
3.100112999999999897e+00
3.100112999999999897e+00
3.100112999999999897e+00
3.100112999999999897e+00
3.100112999999999897e+00
3.100112999999999897e+00
3.100112999999999897e+00
3.100112999999999897e+00
3.100112999999999897e+00
3.100112999999999897e+00
3.100112999999999897e+00
3.100112999999999897e+00
3.100112999999999897e+00
3.100112999999999897e+00
3.100112999999999897e+00
3.100112999999999897e+00
3.100112999999999897e+00
3.100112999999999897e+00
3.100112999999999897e+00
3.100112999999999897e+00
3.100112999999999897e+00
3.100112999999999897e+00
3.100112999999999897e+00
3.100112999999999897e+00
3.100112999999999897e+00
3.100112999999999897e+00
