-2.052082840235788019e+00
-2.004499999997141568e+00
-1.956738095238008679e+00
-1.946625000000580918e+00
-1.865583333333265870e+00
-1.808191082802311778e+00
-1.734587412587181854e+00
-1.676931297708672108e+00
-1.625540540539807122e+00
-1.613342465753992760e+00
-1.596178082192092118e+00
-1.597838709677080082e+00
-1.612133333331263740e+00
-1.619941176470709232e+00
-1.635664835166400932e+00
-1.631065217392353217e+00
-1.600754601226944462e+00
-1.593545454543209505e+00
-1.545223255811565943e+00
-1.550918032786817502e+00
-1.563212264150621644e+00
-1.553923076924041302e+00
-1.577130434782333612e+00
-1.560129032259018667e+00
-1.533533333333462645e+00
-1.526302469131948891e+00
-1.521959064327583988e+00
-1.508742138365503749e+00
-1.475436363634843540e+00
-1.424756410256343253e+00
-1.380496815288420054e+00
-1.326932432431786824e+00
-1.298155844155328698e+00
-1.257000000000000117e+00
-1.234415584415532896e+00
-1.198060402685074965e+00
-1.183000000000000052e+00
-1.159653594771127505e+00
-1.138707006370166974e+00
-1.098073619632541575e+00
-1.059559523809501247e+00
-1.033518518518052653e+00
-1.008000000000000007e+00
-9.702830188660181987e-01
-9.536711409400693285e-01
-9.339746835438373918e-01
-8.946438356162854655e-01
-8.599999999999999867e-01
-8.269523809513061874e-01
-8.002244897960476555e-01
-7.712554744525486061e-01
-7.432086330936005236e-01
-7.067092198579744133e-01
-6.889562043800272484e-01
-6.523529411777545528e-01
-6.430000000000000160e-01
-6.079999999999999849e-01
-5.840000000017638859e-01
-5.352380952381062817e-01
-5.160624999993320694e-01
-4.879999999999999893e-01
-4.693255813968599255e-01
-4.272204724409123799e-01
-4.083931034484308831e-01
-3.761679389308398291e-01
-3.520277777772724548e-01
-3.284014598543387176e-01
-3.536940298451640707e-01
-3.345725806450818296e-01
-3.444566929130501998e-01
-3.410080000185408133e-01
-3.932307692335246241e-01
-3.801680672270387196e-01
-3.923533834579210344e-01
-4.139435483860765541e-01
-4.234480000017210588e-01
-4.281395348867221284e-01
-4.550538461525959200e-01
-4.754846153856762681e-01
-4.651428571429759296e-01
-4.830642857142277702e-01
-5.310000000000000275e-01
-5.849597315440645540e-01
-5.949999999999999734e-01
-6.058609271528284657e-01
-6.195827814570238345e-01
-5.775584415570671482e-01
-5.706330935222652112e-01
-4.878679245256771213e-01
-5.518903225805046331e-01
-5.304523809510651722e-01
-4.958846153841633408e-01
-5.250800000003104095e-01
-5.430674157286285997e-01
-5.850551724138083332e-01
-6.127818181813435849e-01
-5.211923076930611298e-01
-5.363928571426219705e-01
-5.457321428569480437e-01
-5.902696629217525359e-01
-5.653488372095857306e-01
-5.359268292674876921e-01
-5.473850931656527585e-01
-5.847966101691653984e-01
-5.155345911947843973e-01
-5.442250000001319643e-01
-5.402474011918833030e-01
-5.364260174768542555e-01
-5.326046337618250970e-01
-5.287832500467960495e-01
-5.249618663317670020e-01
-5.211404826167378435e-01
-5.173190989017087960e-01
-5.134977151866797485e-01
-5.096763314716507010e-01
-5.058549477566215424e-01
-5.020335640415924949e-01
-4.982121803265633919e-01
-4.943907966115343444e-01
-4.905694128965052414e-01
-4.867480291814761939e-01
-4.829266454664470909e-01
-4.791052617514179879e-01
-4.752838780363889404e-01
-4.714624943213598374e-01
-4.676411106063307899e-01
-4.638197268913016869e-01
-4.599983431762726394e-01
-4.561769594612435363e-01
-4.523555757462144333e-01
-4.485341920311853858e-01
-4.447128083161562828e-01
-4.408914246011271798e-01
-4.370700408860981323e-01
-4.332486571710690293e-01
-4.294272734560399818e-01
-4.256058897410108788e-01
-4.217845060259818313e-01
-4.179631223109527283e-01
-4.141417385959236253e-01
-4.103203548808945778e-01
-4.064989711658654747e-01
-4.026775874508363717e-01
-3.758623853203978959e-01
-3.116494845355627930e-01
-2.243602484486629245e-01
-2.000645161302133934e-01
-1.944741655308168116e-01
-4.791619999999999768e-01
-3.916340000000000376e-01
-4.406729999999999814e-01
-3.603369999999999629e-01
-1.523210000000000119e-01
-2.045099999999999973e-01
-3.366780000000000328e-01
-3.163869999999999738e-01
-1.597029999999999839e-01
-1.534260000000000068e-01
-1.780750000000000111e-01
-4.033899999999999986e-02
-8.147599999999999287e-02
4.279299999999999771e-02
1.098269999999999941e-01
1.141700000000000076e-01
8.254000000000000226e-02
1.497400000000000120e-01
1.604669999999999985e-01
2.155630000000000046e-01
2.974390000000000089e-01
3.298610000000000153e-01
3.788599999999999746e-01
3.956770000000000009e-01
4.786630000000000051e-01
5.146699999999999608e-01
5.275739999999999874e-01
5.604510000000000325e-01
5.863369999999999971e-01
6.506890000000000729e-01
6.558310000000000528e-01
6.656630000000000047e-01
7.082149999999999279e-01
7.445739999999999581e-01
7.529029999999999889e-01
7.752299999999999747e-01
8.066780000000000062e-01
8.446339999999999959e-01
8.391509999999999803e-01
8.462809999999999500e-01
8.839399999999999480e-01
9.222829999999999639e-01
9.264889999999998960e-01
9.366899999999999116e-01
9.892620000000000857e-01
1.006604000000000054e+00
1.008537999999999935e+00
1.029245999999999883e+00
1.066761999999999988e+00
1.078030999999999962e+00
1.073520999999999948e+00
1.103957000000000077e+00
1.140311999999999992e+00
1.142249999999999988e+00
1.140811000000000019e+00
1.148584999999999967e+00
1.178472999999999882e+00
1.200427000000000133e+00
1.193918000000000035e+00
1.238445999999999936e+00
1.235009999999999941e+00
1.238882999999999956e+00
1.236529999999999907e+00
1.288532000000000011e+00
1.289780999999999844e+00
1.291614999999999958e+00
1.294691999999999954e+00
1.323554000000000119e+00
1.322277000000000147e+00
1.306232000000000060e+00
1.320475000000000065e+00
1.340821999999999958e+00
1.333721999999999852e+00
1.313606999999999969e+00
1.312601000000000129e+00
1.322678000000000020e+00
1.322400999999999938e+00
1.298035000000000050e+00
1.284988000000000019e+00
1.291503000000000068e+00
1.293107000000000006e+00
1.249997000000000025e+00
1.180580999999999881e+00
1.009387000000000034e+00
1.008130999999999888e+00
1.068486000000000047e+00
1.181342000000000114e+00
1.191620999999999819e+00
1.222754000000000119e+00
1.154606999999999939e+00
1.042226000000000097e+00
9.461389999999999523e-01
8.976450000000000262e-01
9.550879999999999370e-01
1.029676999999999953e+00
1.153715999999999964e+00
1.179920000000000080e+00
1.050734000000000057e+00
1.137709000000000081e+00
1.224904999999999911e+00
1.077639999999999931e+00
1.096060000000000034e+00
1.226677000000000017e+00
1.264675999999999911e+00
1.272629999999999928e+00
1.235184999999999977e+00
1.290053000000000116e+00
1.293530999999999986e+00
1.314489999999999936e+00
1.354904000000000108e+00
1.349725999999999981e+00
1.370600000000000041e+00
1.388946000000000014e+00
1.420341000000000076e+00
1.414529000000000147e+00
1.413815000000000044e+00
1.431945999999999941e+00
1.451428000000000162e+00
1.411488999999999994e+00
1.433373000000000008e+00
1.452945000000000153e+00
1.471225999999999923e+00
1.505794000000000077e+00
1.520187000000000177e+00
1.522110999999999992e+00
1.524124999999999952e+00
1.523855999999999877e+00
1.522593000000000085e+00
1.528607000000000049e+00
1.524617000000000111e+00
1.516434000000000060e+00
1.530065000000000008e+00
1.551749000000000045e+00
1.574192000000000036e+00
1.576265999999999945e+00
1.604223999999999872e+00
1.641458000000000084e+00
1.645559999999999912e+00
1.652072999999999903e+00
1.658873000000000042e+00
1.658243000000000134e+00
1.665924000000000182e+00
1.678870000000000084e+00
1.693958999999999993e+00
1.721547999999999856e+00
1.753314000000000039e+00
1.784156000000000075e+00
1.822088999999999848e+00
1.856359000000000092e+00
1.881972000000000200e+00
1.882713999999999999e+00
1.887227999999999906e+00
1.898565999999999976e+00
1.916749999999999954e+00
1.942733999999999961e+00
1.975433000000000217e+00
2.013317999999999941e+00
2.053047999999999984e+00
2.089916000000000107e+00
2.112503999999999937e+00
2.132114000000000065e+00
2.153564999999999952e+00
2.180569999999999897e+00
2.199231000000000158e+00
2.221938000000000191e+00
2.259759999999999991e+00
2.299533999999999967e+00
2.339195000000000135e+00
2.377270000000000216e+00
2.412834999999999841e+00
2.444904000000000188e+00
2.470534000000000230e+00
2.484675999999999885e+00
2.497875999999999763e+00
2.513478000000000101e+00
2.518784000000000134e+00
2.534453000000000067e+00
2.562788999999999984e+00
2.580945000000000267e+00
2.612721000000000071e+00
2.653341999999999867e+00
2.665353000000000083e+00
2.667030000000000012e+00
2.661608999999999892e+00
2.682695000000000274e+00
2.690895000000000259e+00
2.698916000000000093e+00
2.725645000000000095e+00
2.770850999999999953e+00
2.799317999999999973e+00
2.799351999999999840e+00
2.791925999999999686e+00
2.803333000000000297e+00
2.835231000000000279e+00
2.876287000000000038e+00
2.872878000000000043e+00
2.854254000000000069e+00
2.841947999999999919e+00
2.848386999999999780e+00
2.899217999999999851e+00
2.948199999999999932e+00
2.986826999999999899e+00
2.992025999999999630e+00
2.969275000000000109e+00
2.966626999999999903e+00
3.002836999999999978e+00
3.032988000000000017e+00
3.031104999999999716e+00
3.033576000000000050e+00
3.059572999999999876e+00
3.083663999999999739e+00
3.090562999999999949e+00
3.102541999999999689e+00
3.093459999999999877e+00
3.120854000000000017e+00
3.163268999999999664e+00
3.189782000000000117e+00
3.217008000000000312e+00
3.214431000000000260e+00
3.226709999999999745e+00
3.296021000000000090e+00
3.286548999999999943e+00
3.285912999999999862e+00
3.339287999999999812e+00
3.342033999999999505e+00
3.358122000000000273e+00
3.398131999999999930e+00
3.426372000000000195e+00
3.413383999999999752e+00
3.409552999999999834e+00
3.455724000000000018e+00
3.487152999999999725e+00
3.498076000000000185e+00
3.497631999999999852e+00
3.548439000000000121e+00
3.597326999999999497e+00
3.577399999999999913e+00
3.601019000000000414e+00
3.649512999999999785e+00
3.679448999999999970e+00
3.688680999999999877e+00
3.717240000000000322e+00
3.791144000000000069e+00
3.802480999999999778e+00
3.811665000000000081e+00
3.857541000000000331e+00
3.858414999999999928e+00
3.821220999999999979e+00
3.872176000000000062e+00
3.959408999999999512e+00
4.057762999999999565e+00
4.105589000000000155e+00
4.100921999999999734e+00
4.174638999999999989e+00
4.194580000000000197e+00
4.192873999999999768e+00
4.206764999999999866e+00
4.300777000000000072e+00
4.438461000000000212e+00
4.550353000000000314e+00
4.634428999999999910e+00
4.638332000000000122e+00
4.656299999999999883e+00
4.696551999999999616e+00
4.696551999999999616e+00
4.696551999999999616e+00
4.696551999999999616e+00
4.696551999999999616e+00
4.696551999999999616e+00
4.696551999999999616e+00
4.696551999999999616e+00
4.696551999999999616e+00
4.696551999999999616e+00
4.696551999999999616e+00
4.696551999999999616e+00
4.696551999999999616e+00
4.696551999999999616e+00
4.696551999999999616e+00
4.696551999999999616e+00
4.696551999999999616e+00
4.696551999999999616e+00
4.696551999999999616e+00
4.696551999999999616e+00
4.696551999999999616e+00
4.696551999999999616e+00
4.696551999999999616e+00
4.696551999999999616e+00
4.696551999999999616e+00
4.696551999999999616e+00
4.696551999999999616e+00
4.696551999999999616e+00
4.696551999999999616e+00
4.696551999999999616e+00
4.696551999999999616e+00
4.696551999999999616e+00
4.696551999999999616e+00
4.696551999999999616e+00
4.696551999999999616e+00
4.696551999999999616e+00
4.696551999999999616e+00
4.696551999999999616e+00
4.696551999999999616e+00
