-2.052082840235788019e+00
-2.004499999997141568e+00
-1.956738095238008679e+00
-1.946625000000580918e+00
-1.865583333333265870e+00
-1.808191082802311778e+00
-1.734587412587181854e+00
-1.676931297708672108e+00
-1.625540540539807122e+00
-1.613342465753992760e+00
-1.596178082192092118e+00
-1.597838709677080082e+00
-1.612133333331263740e+00
-1.619941176470709232e+00
-1.635664835166400932e+00
-1.631065217392353217e+00
-1.600754601226944462e+00
-1.593545454543209505e+00
-1.545223255811565943e+00
-1.550918032786817502e+00
-1.563212264150621644e+00
-1.553923076924041302e+00
-1.577130434782333612e+00
-1.560129032259018667e+00
-1.533533333333462645e+00
-1.526302469131948891e+00
-1.521959064327583988e+00
-1.508742138365503749e+00
-1.475436363634843540e+00
-1.424756410256343253e+00
-1.380496815288420054e+00
-1.326932432431786824e+00
-1.298155844155328698e+00
-1.257000000000000117e+00
-1.234415584415532896e+00
-1.198060402685074965e+00
-1.183000000000000052e+00
-1.159653594771127505e+00
-1.138707006370166974e+00
-1.098073619632541575e+00
-1.059559523809501247e+00
-1.033518518518052653e+00
-1.008000000000000007e+00
-9.702830188660181987e-01
-9.536711409400693285e-01
-7.096740000000000270e-01
-6.434119999999999839e-01
-5.870729999999999560e-01
-5.668270000000000808e-01
-5.774920000000000053e-01
-5.726220000000000754e-01
-5.503939999999999388e-01
-5.551989999999999981e-01
-5.230839999999999934e-01
-5.134039999999999715e-01
-5.215859999999999941e-01
-4.963640000000000274e-01
-5.052870000000000417e-01
-5.048829999999999707e-01
-4.827520000000000699e-01
-4.995340000000000336e-01
-4.814700000000000091e-01
-4.882720000000000393e-01
-4.674800000000000066e-01
-4.641739999999999755e-01
-4.476209999999999911e-01
-4.283049999999999913e-01
-4.218840000000000368e-01
-4.010579999999999701e-01
-4.001320000000000432e-01
-3.986609999999999876e-01
-3.951989999999999670e-01
-3.838170000000000193e-01
-3.730330000000000035e-01
-3.554169999999999829e-01
-3.362260000000000248e-01
-3.483630000000000337e-01
-3.327300000000000257e-01
-3.509110000000000285e-01
-3.444170000000000287e-01
-3.470039999999999791e-01
-3.249020000000000241e-01
-3.435779999999999945e-01
-3.935929999999999707e-01
-4.827420000000000044e-01
-5.864430000000000476e-01
-6.194790000000000019e-01
-5.473310000000000120e-01
-5.471060000000000922e-01
-6.254890000000000727e-01
-8.145289999999999475e-01
-7.033970000000000500e-01
-7.000499999999999501e-01
-7.692170000000000396e-01
-8.265989999999999727e-01
-7.834270000000000955e-01
-5.626630000000000242e-01
-5.872880000000000322e-01
-7.728089999999999682e-01
-7.930540000000000367e-01
-5.885010000000000518e-01
-5.831479999999999997e-01
-5.831370000000000164e-01
-5.102020000000000444e-01
-4.999859999999999860e-01
-5.209960000000000147e-01
-4.855779999999999541e-01
-5.095629999999999882e-01
-6.233800000000000452e-01
-5.390639999999999876e-01
-5.131909999999999528e-01
-4.782669999999999977e-01
-4.940499999999999892e-01
-5.873070000000000235e-01
-5.759509999999999907e-01
-5.503749999999999476e-01
-4.817140000000000311e-01
-4.814609999999999723e-01
-3.417169999999999930e-01
-4.374430000000000263e-01
-5.867859999999999188e-01
-6.357580000000000453e-01
-5.804209999999999647e-01
-4.805840000000000112e-01
-4.952699999999999880e-01
-5.145999999999999464e-01
-5.255920000000000591e-01
-4.869880000000000320e-01
-4.380600000000000604e-01
-4.453699999999999881e-01
-5.376310000000000811e-01
-5.688320000000000043e-01
-5.008600000000000829e-01
-4.491499999999999937e-01
-3.720959999999999823e-01
-3.263590000000000102e-01
-2.756870000000000154e-01
-2.169079999999999897e-01
-1.953940000000000121e-01
-1.709009999999999974e-01
-1.872969999999999913e-01
-1.852670000000000150e-01
-1.284450000000000036e-01
-9.839699999999999835e-02
-4.658299999999999941e-02
-3.071100000000000219e-02
-3.068999999999999853e-02
-6.157999999999999412e-03
-1.110699999999999882e-02
1.317000000000000028e-03
3.077799999999999633e-02
3.989800000000000291e-02
6.108899999999999747e-02
8.141400000000000026e-02
1.094539999999999957e-01
1.478780000000000094e-01
1.780349999999999988e-01
1.979029999999999956e-01
2.241440000000000099e-01
2.684360000000000079e-01
3.090090000000000336e-01
3.405349999999999766e-01
3.637020000000000253e-01
4.011510000000000353e-01
4.345959999999999823e-01
4.637550000000000283e-01
5.062250000000000361e-01
5.334270000000000955e-01
5.615250000000000519e-01
5.915239999999999387e-01
6.182940000000000103e-01
6.509279999999999511e-01
6.845160000000000133e-01
7.166649999999999965e-01
7.437810000000000255e-01
7.564020000000000188e-01
7.751069999999999904e-01
8.010209999999999830e-01
8.301040000000000640e-01
8.463519999999999932e-01
8.554120000000000612e-01
8.614629999999998677e-01
8.748730000000000118e-01
8.865120000000000777e-01
9.006879999999999331e-01
9.372219999999998885e-01
9.703719999999999013e-01
9.758999999999999897e-01
9.870020000000000460e-01
1.000199999999999978e+00
1.018546999999999869e+00
1.041447999999999929e+00
1.040177000000000129e+00
1.021219000000000099e+00
1.024193000000000131e+00
1.025574999999999903e+00
1.020831999999999962e+00
1.007139999999999924e+00
9.451680000000000081e-01
9.886829999999999785e-01
1.009977000000000125e+00
8.102380000000000138e-01
7.546109999999999207e-01
9.320629999999999749e-01
9.365139999999999576e-01
9.533790000000000875e-01
9.695239999999999414e-01
9.807110000000001104e-01
1.029662999999999995e+00
9.778819999999999180e-01
9.077610000000000401e-01
8.704049999999998732e-01
8.868340000000000112e-01
9.367100000000000426e-01
9.627919999999999812e-01
9.631540000000000656e-01
9.505110000000001058e-01
9.678160000000000096e-01
9.401889999999999414e-01
9.370530000000000248e-01
9.685350000000000348e-01
1.046094999999999997e+00
1.008444000000000118e+00
1.038135999999999948e+00
1.016065999999999914e+00
9.413040000000001406e-01
9.560709999999998931e-01
9.937270000000000270e-01
1.030140000000000056e+00
1.063744000000000023e+00
1.125445000000000029e+00
1.138179000000000052e+00
1.152859999999999996e+00
1.166744000000000003e+00
1.155854000000000159e+00
1.037482000000000015e+00
1.042132999999999976e+00
1.126551999999999998e+00
1.148484999999999978e+00
1.163980999999999932e+00
1.187173000000000034e+00
1.208109000000000099e+00
1.216466000000000047e+00
1.211879000000000151e+00
1.215953000000000062e+00
1.227179000000000020e+00
1.246904999999999930e+00
1.215396999999999839e+00
1.209772999999999987e+00
1.238094000000000028e+00
1.247879999999999878e+00
1.253435999999999995e+00
1.273788999999999838e+00
1.285857999999999945e+00
1.308836000000000110e+00
1.295709000000000000e+00
1.328520999999999841e+00
1.323543000000000136e+00
1.344600000000000017e+00
1.360910000000000064e+00
1.337447999999999970e+00
1.406025000000000080e+00
1.382945000000000091e+00
1.304821999999999926e+00
1.347160000000000135e+00
1.364787999999999890e+00
1.373045999999999989e+00
1.400712999999999875e+00
1.427443000000000017e+00
1.455106000000000011e+00
1.483979999999999855e+00
1.507221999999999840e+00
1.515561000000000158e+00
1.520402000000000031e+00
1.530880000000000019e+00
1.554980000000000029e+00
1.568797999999999915e+00
1.575470000000000148e+00
1.583238999999999841e+00
1.595963999999999938e+00
1.611429999999999918e+00
1.628979000000000177e+00
1.652708000000000066e+00
1.673102999999999785e+00
1.689643999999999924e+00
1.701883999999999952e+00
1.722636000000000056e+00
1.740215000000000067e+00
1.754156999999999966e+00
1.763408000000000087e+00
1.774663000000000102e+00
1.781490000000000240e+00
1.776658000000000071e+00
1.783592999999999984e+00
1.792200999999999933e+00
1.818327999999999944e+00
1.857056000000000040e+00
1.866759000000000057e+00
1.896934999999999816e+00
1.890881999999999952e+00
1.941334999999999811e+00
1.971161000000000163e+00
1.982838000000000100e+00
1.995120999999999922e+00
1.999599000000000126e+00
2.004526999999999948e+00
2.015334999999999877e+00
2.030151000000000039e+00
2.049479999999999968e+00
2.073247999999999980e+00
2.103143000000000207e+00
2.137475999999999932e+00
2.172420999999999935e+00
2.204004999999999992e+00
2.243276999999999965e+00
2.272104000000000124e+00
2.287216999999999612e+00
2.298652000000000140e+00
2.314674000000000120e+00
2.330403000000000002e+00
2.332743000000000233e+00
2.398983000000000310e+00
2.438063000000000091e+00
2.447688000000000308e+00
2.509843999999999742e+00
2.517854000000000259e+00
2.547467999999999844e+00
2.570475000000000065e+00
2.581315000000000026e+00
2.611291999999999724e+00
2.648085000000000022e+00
2.650809999999999889e+00
2.680330000000000101e+00
2.688502000000000169e+00
2.734354999999999869e+00
2.731256999999999824e+00
2.783042000000000016e+00
2.781934000000000129e+00
2.831420999999999744e+00
2.827995000000000037e+00
2.825518000000000196e+00
2.821931000000000189e+00
2.839161000000000268e+00
2.839859999999999829e+00
2.862756000000000078e+00
2.875918999999999670e+00
2.894709000000000199e+00
2.917900999999999634e+00
2.939302000000000081e+00
2.931468999999999880e+00
2.966946000000000083e+00
2.983534999999999826e+00
2.995003000000000082e+00
3.015247000000000011e+00
3.023177000000000003e+00
3.041827999999999754e+00
3.068750999999999785e+00
3.100441999999999698e+00
3.069566000000000017e+00
3.074370000000000047e+00
3.080222000000000016e+00
3.086052999999999713e+00
3.124131999999999909e+00
3.127568000000000126e+00
3.172356999999999871e+00
3.175056999999999796e+00
3.197163999999999895e+00
3.227020000000000000e+00
3.258468999999999838e+00
3.285073000000000132e+00
3.275815000000000143e+00
3.300990000000000091e+00
3.336395999999999695e+00
3.339623000000000452e+00
3.355541999999999803e+00
3.363455000000000084e+00
3.396460999999999952e+00
3.410176000000000318e+00
3.427159999999999762e+00
3.491680999999999813e+00
3.518219999999999903e+00
3.518278000000000016e+00
3.565251999999999644e+00
3.583459999999999646e+00
3.627752999999999783e+00
3.621641000000000332e+00
3.623719000000000356e+00
3.668122000000000327e+00
3.712127999999999872e+00
3.717551000000000272e+00
3.787402999999999853e+00
3.826080999999999843e+00
3.860530000000000239e+00
3.888980999999999799e+00
3.909762000000000182e+00
3.924505999999999606e+00
3.905427999999999678e+00
3.947246999999999950e+00
4.019553000000000154e+00
4.098564999999999792e+00
4.151629999999999932e+00
4.147844999999999338e+00
4.192998999999999477e+00
4.240196000000000076e+00
4.292911000000000143e+00
4.350069000000000408e+00
4.443819000000000408e+00
4.582247999999999877e+00
4.620561000000000362e+00
4.683732000000000006e+00
4.708264999999999922e+00
4.708264999999999922e+00
4.708264999999999922e+00
4.708264999999999922e+00
4.708264999999999922e+00
4.708264999999999922e+00
4.708264999999999922e+00
4.708264999999999922e+00
4.708264999999999922e+00
4.708264999999999922e+00
4.708264999999999922e+00
4.708264999999999922e+00
4.708264999999999922e+00
4.708264999999999922e+00
4.708264999999999922e+00
4.708264999999999922e+00
4.708264999999999922e+00
4.708264999999999922e+00
4.708264999999999922e+00
4.708264999999999922e+00
4.708264999999999922e+00
4.708264999999999922e+00
4.708264999999999922e+00
4.708264999999999922e+00
4.708264999999999922e+00
4.708264999999999922e+00
4.708264999999999922e+00
4.708264999999999922e+00
4.708264999999999922e+00
4.708264999999999922e+00
4.708264999999999922e+00
4.708264999999999922e+00
4.708264999999999922e+00
4.708264999999999922e+00
4.708264999999999922e+00
4.708264999999999922e+00
4.708264999999999922e+00
4.708264999999999922e+00
4.708264999999999922e+00
4.708264999999999922e+00
