-2.052082840235788019e+00
-2.004499999997141568e+00
-1.956738095238008679e+00
-1.946625000000580918e+00
-1.865583333333265870e+00
-1.808191082802311778e+00
-1.734587412587181854e+00
-1.676931297708672108e+00
-1.625540540539807122e+00
-1.613342465753992760e+00
-1.596178082192092118e+00
-1.597838709677080082e+00
-1.612133333331263740e+00
-1.619941176470709232e+00
-1.635664835166400932e+00
-1.631065217392353217e+00
-1.600754601226944462e+00
-1.593545454543209505e+00
-1.545223255811565943e+00
-1.550918032786817502e+00
-1.563212264150621644e+00
-1.553923076924041302e+00
-1.577130434782333612e+00
-1.560129032259018667e+00
-1.533533333333462645e+00
-1.526302469131948891e+00
-1.521959064327583988e+00
-1.508742138365503749e+00
-1.475436363634843540e+00
-1.424756410256343253e+00
-1.380496815288420054e+00
-1.326932432431786824e+00
-1.298155844155328698e+00
-1.257000000000000117e+00
-1.234415584415532896e+00
-1.198060402685074965e+00
-1.183000000000000052e+00
-1.159653594771127505e+00
-1.138707006370166974e+00
-1.098073619632541575e+00
-1.059559523809501247e+00
-1.033518518518052653e+00
-1.008000000000000007e+00
-9.702830188660181987e-01
-9.536711409400693285e-01
-9.339746835438373918e-01
-8.946438356162854655e-01
-8.599999999999999867e-01
-8.269523809513061874e-01
-8.002244897960476555e-01
-7.712554744525486061e-01
-7.432086330936005236e-01
-7.067092198579744133e-01
-6.889562043800272484e-01
-6.523529411777545528e-01
-6.430000000000000160e-01
-6.079999999999999849e-01
-5.840000000017638859e-01
-5.352380952381062817e-01
-5.160624999993320694e-01
-4.879999999999999893e-01
-4.693255813968599255e-01
-4.272204724409123799e-01
-4.083931034484308831e-01
-3.761679389308398291e-01
-3.520277777772724548e-01
-3.284014598543387176e-01
-3.536940298451640707e-01
-3.345725806450818296e-01
-3.444566929130501998e-01
-3.410080000185408133e-01
-3.932307692335246241e-01
-3.801680672270387196e-01
-3.923533834579210344e-01
-4.139435483860765541e-01
-4.234480000017210588e-01
-4.281395348867221284e-01
-4.550538461525959200e-01
-4.754846153856762681e-01
-4.651428571429759296e-01
-4.830642857142277702e-01
-5.310000000000000275e-01
-5.849597315440645540e-01
-5.949999999999999734e-01
-6.058609271528284657e-01
-6.195827814570238345e-01
-5.775584415570671482e-01
-5.706330935222652112e-01
-4.878679245256771213e-01
-5.518903225805046331e-01
-2.981119999999999881e-01
-3.066349999999999909e-01
-2.984680000000000111e-01
-2.541410000000000058e-01
-2.343270000000000075e-01
-2.266229999999999911e-01
-1.912729999999999986e-01
-1.482030000000000014e-01
-1.435079999999999967e-01
-1.235420000000000129e-01
-1.211349999999999927e-01
-9.950199999999999323e-02
-6.386100000000000110e-02
-3.446199999999999958e-02
-1.290099999999999927e-02
6.519999999999999104e-04
8.023999999999999883e-03
1.253799999999999880e-02
1.583100000000000132e-02
1.849499999999999755e-02
-7.692000000000000053e-03
-2.025300000000000017e-02
-1.244199999999999993e-02
-1.473199999999999857e-02
-2.623299999999999937e-02
-4.617399999999999977e-02
-7.091499999999999193e-02
-8.115100000000000091e-02
-7.815900000000000625e-02
-6.245200000000000057e-02
-6.274899999999999922e-02
-1.056890000000000052e-01
-1.342710000000000015e-01
-1.239349999999999896e-01
-1.206470000000000042e-01
-1.710929999999999951e-01
-1.850109999999999810e-01
-2.690489999999999826e-01
-4.145210000000000283e-01
-3.942280000000000229e-01
-5.114649999999999475e-01
-5.130299999999999860e-01
-5.160190000000000055e-01
-7.204709999999999726e-01
-7.105310000000000237e-01
-5.705909999999999593e-01
-6.639260000000000161e-01
-6.720859999999999612e-01
-6.534780000000000033e-01
-6.276420000000000332e-01
-6.497960000000000402e-01
-6.259560000000000679e-01
-6.396229999999999416e-01
-5.739109999999999490e-01
-6.026839999999999975e-01
-5.554959999999999898e-01
-5.761910000000000087e-01
-5.656689999999999774e-01
-6.027050000000000463e-01
-5.171109999999999873e-01
-4.483439999999999648e-01
-4.448109999999999564e-01
-4.980600000000000582e-01
-4.260109999999999730e-01
-4.654590000000000116e-01
-4.192390000000000283e-01
-4.566330000000000111e-01
-4.860180000000000056e-01
-4.918270000000000697e-01
-5.096749999999999892e-01
-5.324459999999999749e-01
-5.139399999999999524e-01
-5.342109999999999914e-01
-5.663960000000000106e-01
-4.802379999999999982e-01
-4.298229999999999551e-01
-3.555719999999999992e-01
-3.954010000000000025e-01
-3.430159999999999876e-01
-1.330910000000000148e-01
-5.582999999999999421e-03
-1.814999999999999773e-03
8.110799999999999954e-02
1.524089999999999889e-01
1.654750000000000110e-01
2.249289999999999901e-01
2.742479999999999918e-01
3.178509999999999946e-01
3.569689999999999808e-01
3.980469999999999842e-01
4.549180000000000446e-01
4.933729999999999505e-01
5.349659999999999416e-01
5.660009999999999764e-01
6.048369999999999580e-01
6.441720000000000779e-01
6.782690000000000108e-01
7.331090000000000106e-01
7.391060000000000407e-01
7.929079999999999462e-01
8.115909999999999513e-01
8.447649999999999881e-01
8.826770000000000449e-01
9.009020000000000916e-01
9.131040000000001378e-01
9.374139999999999695e-01
9.805329999999999879e-01
9.734309999999999352e-01
1.024728000000000083e+00
1.031035000000000146e+00
1.075315999999999939e+00
1.081069000000000058e+00
1.090589000000000031e+00
1.133507000000000042e+00
1.128749000000000002e+00
1.148045999999999900e+00
1.138762000000000052e+00
1.168892000000000042e+00
1.165344000000000158e+00
1.174525000000000041e+00
1.173524000000000012e+00
1.180425999999999975e+00
1.217180999999999846e+00
1.220935000000000104e+00
1.239789000000000030e+00
1.232289999999999885e+00
1.263249999999999984e+00
1.273692999999999964e+00
1.267595999999999945e+00
1.303449999999999998e+00
1.295449000000000073e+00
1.320133999999999919e+00
1.337360000000000104e+00
1.330165999999999960e+00
1.351415000000000033e+00
1.345898999999999957e+00
1.352208999999999994e+00
1.365328000000000097e+00
1.403654999999999875e+00
1.386400999999999994e+00
1.390386000000000122e+00
1.391037000000000079e+00
1.405397999999999925e+00
1.404454000000000091e+00
1.413752000000000120e+00
1.441179999999999906e+00
1.464720000000000022e+00
1.454512000000000027e+00
1.471920999999999813e+00
1.501172999999999869e+00
1.482205999999999912e+00
1.515394000000000130e+00
1.497681999999999958e+00
1.521445000000000158e+00
1.515975000000000072e+00
1.532573999999999881e+00
1.520742000000000038e+00
1.528631999999999991e+00
1.542536000000000129e+00
1.526208000000000009e+00
1.523869000000000140e+00
1.541029999999999900e+00
1.523455000000000004e+00
1.523843000000000059e+00
1.543290999999999968e+00
1.510848999999999887e+00
1.497327000000000075e+00
1.495820000000000149e+00
1.476237999999999939e+00
1.494862000000000135e+00
1.447605000000000031e+00
1.444099999999999939e+00
1.420663000000000009e+00
1.411134000000000110e+00
1.382155000000000022e+00
1.350060000000000038e+00
1.377218999999999971e+00
1.383240000000000025e+00
1.376649999999999929e+00
1.356371999999999911e+00
1.358476999999999935e+00
1.363369000000000053e+00
1.373164000000000051e+00
1.405588999999999977e+00
1.393129000000000062e+00
1.429823999999999984e+00
1.419079999999999897e+00
1.435114000000000001e+00
1.463029000000000135e+00
1.442427000000000126e+00
1.438812999999999898e+00
1.449057999999999957e+00
1.456118999999999941e+00
1.445141000000000009e+00
1.472131999999999996e+00
1.490337999999999941e+00
1.476860000000000062e+00
1.491812000000000138e+00
1.520407999999999982e+00
1.551933000000000007e+00
1.604981999999999909e+00
1.644331000000000209e+00
1.675752999999999826e+00
1.705963000000000118e+00
1.738033000000000161e+00
1.772654999999999870e+00
1.793401999999999941e+00
1.797041999999999806e+00
1.834500000000000020e+00
1.870733000000000201e+00
1.912815000000000154e+00
1.934747999999999912e+00
1.964552000000000076e+00
1.972765000000000102e+00
2.013936999999999866e+00
2.038978999999999875e+00
2.084868000000000166e+00
2.118815000000000115e+00
2.154783000000000115e+00
2.191484999999999683e+00
2.240658000000000261e+00
2.260806000000000093e+00
2.272495999999999849e+00
2.326784999999999659e+00
2.349239999999999995e+00
2.372684000000000015e+00
2.395932000000000173e+00
2.410937000000000108e+00
2.431579999999999853e+00
2.453689999999999927e+00
2.431056000000000328e+00
2.455708000000000002e+00
2.508204999999999796e+00
2.509872999999999799e+00
2.535232000000000152e+00
2.549852000000000007e+00
2.551359000000000155e+00
2.571674000000000238e+00
2.585020999999999791e+00
2.602805000000000035e+00
2.583801999999999932e+00
2.570160000000000000e+00
2.628552000000000000e+00
2.643221000000000043e+00
2.654765000000000263e+00
2.664595999999999965e+00
2.689233999999999902e+00
2.726105000000000000e+00
2.765503999999999962e+00
2.751158000000000214e+00
2.777738000000000262e+00
2.777829999999999799e+00
2.756010999999999989e+00
2.767113000000000156e+00
2.784670999999999896e+00
2.823379000000000083e+00
2.817196000000000033e+00
2.844561000000000117e+00
2.881442999999999977e+00
2.893793000000000060e+00
2.900815000000000143e+00
2.893756999999999913e+00
2.876313999999999815e+00
2.910013999999999879e+00
2.908075999999999883e+00
2.936999999999999833e+00
2.966333000000000109e+00
2.977149000000000267e+00
2.975791999999999771e+00
2.999770999999999965e+00
3.003800999999999721e+00
3.044113000000000291e+00
3.059806000000000026e+00
3.093390000000000306e+00
3.073336999999999986e+00
3.146687000000000012e+00
3.164229000000000180e+00
3.160420000000000229e+00
3.212955000000000005e+00
3.217661000000000104e+00
3.212245000000000239e+00
3.243970000000000020e+00
3.248927000000000120e+00
3.263175999999999632e+00
3.308422000000000196e+00
3.326278999999999986e+00
3.351370999999999878e+00
3.371392999999999862e+00
3.386926000000000325e+00
3.413859999999999673e+00
3.449012999999999884e+00
3.487791999999999781e+00
3.495162000000000102e+00
3.527776000000000245e+00
3.549148000000000192e+00
3.571858999999999451e+00
3.571625000000000050e+00
3.607590000000000074e+00
3.650401999999999703e+00
3.673330000000000428e+00
3.717523999999999607e+00
3.745789999999999953e+00
3.767794000000000310e+00
3.766466000000000314e+00
3.773603000000000041e+00
3.802648000000000472e+00
3.816879000000000133e+00
3.892114999999999991e+00
3.998773999999999607e+00
4.050258999999999610e+00
4.108109999999999928e+00
4.089906000000000041e+00
4.129919999999999369e+00
4.143434000000000061e+00
4.216524999999999856e+00
4.276207000000000313e+00
4.371525000000000105e+00
4.495375000000000121e+00
4.591702999999999868e+00
4.615072000000000507e+00
4.656509999999999927e+00
4.585073000000000398e+00
4.594184999999999519e+00
4.671677999999999997e+00
4.828628000000000142e+00
4.932783999999999835e+00
4.924428999999999945e+00
4.902605000000000324e+00
5.024900999999999840e+00
5.096402999999999572e+00
5.185464999999999769e+00
5.185464999999999769e+00
5.185464999999999769e+00
5.185464999999999769e+00
5.185464999999999769e+00
5.185464999999999769e+00
5.185464999999999769e+00
5.185464999999999769e+00
5.185464999999999769e+00
5.185464999999999769e+00
5.185464999999999769e+00
5.185464999999999769e+00
5.185464999999999769e+00
5.185464999999999769e+00
5.185464999999999769e+00
5.185464999999999769e+00
5.185464999999999769e+00
5.185464999999999769e+00
5.185464999999999769e+00
5.185464999999999769e+00
5.185464999999999769e+00
5.185464999999999769e+00
5.185464999999999769e+00
5.185464999999999769e+00
5.185464999999999769e+00
5.185464999999999769e+00
5.185464999999999769e+00
5.185464999999999769e+00
5.185464999999999769e+00
5.185464999999999769e+00
