-2.052082840235788019e+00
-2.004499999997141568e+00
-1.956738095238008679e+00
-1.946625000000580918e+00
-1.865583333333265870e+00
-1.808191082802311778e+00
-1.734587412587181854e+00
-1.676931297708672108e+00
-1.625540540539807122e+00
-1.613342465753992760e+00
-1.596178082192092118e+00
-1.597838709677080082e+00
-1.612133333331263740e+00
-1.619941176470709232e+00
-1.635664835166400932e+00
-1.631065217392353217e+00
-1.600754601226944462e+00
-1.593545454543209505e+00
-1.545223255811565943e+00
-1.550918032786817502e+00
-1.563212264150621644e+00
-1.553923076924041302e+00
-1.577130434782333612e+00
-1.560129032259018667e+00
-1.533533333333462645e+00
-1.526302469131948891e+00
-1.521959064327583988e+00
-1.508742138365503749e+00
-1.475436363634843540e+00
-1.424756410256343253e+00
-1.380496815288420054e+00
-1.326932432431786824e+00
-1.298155844155328698e+00
-1.257000000000000117e+00
-1.234415584415532896e+00
-1.198060402685074965e+00
-1.183000000000000052e+00
-1.159653594771127505e+00
-1.138707006370166974e+00
-1.098073619632541575e+00
-1.059559523809501247e+00
-1.033518518518052653e+00
-1.008000000000000007e+00
-9.702830188660181987e-01
-9.536711409400693285e-01
-9.339746835438373918e-01
-8.946438356162854655e-01
-8.599999999999999867e-01
-8.269523809513061874e-01
-8.002244897960476555e-01
-7.712554744525486061e-01
-7.432086330936005236e-01
-7.067092198579744133e-01
-6.889562043800272484e-01
-6.523529411777545528e-01
-6.430000000000000160e-01
-6.079999999999999849e-01
-5.840000000017638859e-01
-5.352380952381062817e-01
-5.160624999993320694e-01
-4.879999999999999893e-01
-4.693255813968599255e-01
-4.272204724409123799e-01
-4.083931034484308831e-01
-3.761679389308398291e-01
-3.520277777772724548e-01
-3.284014598543387176e-01
-3.536940298451640707e-01
-3.345725806450818296e-01
-3.444566929130501998e-01
-3.410080000185408133e-01
-3.932307692335246241e-01
-3.801680672270387196e-01
-3.923533834579210344e-01
-4.139435483860765541e-01
-4.234480000017210588e-01
-4.281395348867221284e-01
-4.550538461525959200e-01
-4.754846153856762681e-01
-4.651428571429759296e-01
-4.830642857142277702e-01
-5.310000000000000275e-01
-5.849597315440645540e-01
-5.949999999999999734e-01
-6.058609271528284657e-01
-6.195827814570238345e-01
-5.775584415570671482e-01
-5.706330935222652112e-01
-4.878679245256771213e-01
-5.518903225805046331e-01
-5.304523809510651722e-01
-4.958846153841633408e-01
-5.250800000003104095e-01
-5.430674157286285997e-01
-5.850551724138083332e-01
-6.127818181813435849e-01
-5.211923076930611298e-01
-5.363928571426219705e-01
-5.457321428569480437e-01
-5.902696629217525359e-01
-5.653488372095857306e-01
-5.359268292674876921e-01
-5.473850931656527585e-01
-5.847966101691653984e-01
-5.155345911947843973e-01
-5.442250000001319643e-01
-5.402474011918833030e-01
-5.364260174768542555e-01
-5.326046337618250970e-01
-5.287832500467960495e-01
-5.249618663317670020e-01
-5.211404826167378435e-01
-5.173190989017087960e-01
-5.134977151866797485e-01
-5.096763314716507010e-01
-5.058549477566215424e-01
-5.020335640415924949e-01
-4.982121803265633919e-01
-1.314589999999999925e-01
-7.777299999999999491e-02
-4.089999999999999886e-03
3.511899999999999744e-02
5.515800000000000564e-02
9.719999999999999474e-02
1.423819999999999808e-01
1.875930000000000097e-01
1.989109999999999767e-01
2.109909999999999841e-01
2.333189999999999986e-01
2.870340000000000114e-01
3.106909999999999950e-01
3.059359999999999857e-01
3.643290000000000139e-01
3.977840000000000265e-01
3.968929999999999958e-01
4.211260000000000003e-01
4.727149999999999408e-01
4.885670000000000290e-01
4.714909999999999934e-01
5.031979999999999231e-01
5.383899999999999242e-01
5.416029999999999456e-01
5.252449999999999619e-01
5.676379999999999759e-01
6.153129999999999988e-01
6.060060000000000446e-01
6.361999999999999877e-01
6.190890000000000004e-01
5.969649999999999679e-01
5.691720000000000113e-01
5.653439999999999577e-01
5.753699999999999370e-01
5.920729999999999604e-01
6.105720000000000036e-01
6.341459999999999875e-01
6.518770000000000397e-01
6.394360000000000044e-01
6.211539999999999839e-01
5.910760000000000458e-01
5.765810000000000102e-01
5.825529999999999875e-01
5.962079999999999602e-01
6.151969999999999938e-01
6.322600000000000442e-01
6.482470000000000176e-01
6.327359999999999651e-01
6.119959999999999845e-01
5.762939999999999729e-01
5.357509999999999772e-01
4.851989999999999914e-01
4.782029999999999892e-01
4.483920000000000128e-01
4.790180000000000549e-01
4.607340000000000324e-01
4.309999999999999942e-01
4.045289999999999719e-01
4.590760000000000396e-01
4.754960000000000298e-01
4.413790000000000213e-01
4.739779999999999549e-01
4.957739999999999925e-01
5.298189999999999289e-01
4.870920000000000250e-01
4.962470000000000492e-01
4.895249999999999879e-01
5.023569999999999425e-01
4.933899999999999397e-01
4.766960000000000086e-01
4.581870000000000109e-01
4.667449999999999655e-01
5.096810000000000507e-01
5.218319999999999625e-01
5.142329999999999401e-01
4.969169999999999976e-01
4.865749999999999797e-01
5.096649999999999237e-01
4.978049999999999975e-01
4.684239999999999515e-01
4.867510000000000447e-01
4.483720000000000483e-01
3.663719999999999755e-01
3.066960000000000242e-01
3.024510000000000254e-01
2.525129999999999875e-01
2.577380000000000226e-01
2.619599999999999707e-01
2.865289999999999782e-01
2.679920000000000080e-01
2.579719999999999791e-01
2.494179999999999731e-01
2.657530000000000170e-01
2.871219999999999883e-01
3.141809999999999881e-01
3.405279999999999974e-01
3.673130000000000006e-01
4.152859999999999885e-01
4.573590000000000155e-01
4.659590000000000121e-01
4.675960000000000116e-01
4.592459999999999876e-01
4.941939999999999666e-01
5.298709999999999809e-01
5.366350000000000842e-01
5.685930000000000151e-01
6.328449999999999909e-01
6.840410000000000101e-01
7.189290000000000402e-01
7.238140000000000684e-01
7.776170000000000027e-01
8.163819999999999411e-01
8.473249999999999948e-01
8.297579999999999956e-01
8.623149999999999427e-01
8.934969999999999857e-01
9.226309999999999789e-01
9.559159999999999879e-01
9.467209999999999237e-01
9.457079999999999931e-01
9.902320000000000011e-01
1.022862000000000160e+00
1.025101999999999958e+00
1.011527000000000065e+00
1.011975000000000069e+00
1.032685000000000075e+00
1.062751000000000001e+00
1.049698000000000020e+00
1.036694000000000004e+00
1.052006999999999914e+00
1.026954000000000145e+00
1.017687000000000008e+00
1.028265999999999902e+00
1.043549999999999978e+00
1.061392000000000113e+00
1.077437999999999896e+00
1.091038999999999870e+00
1.059792000000000067e+00
1.029074000000000044e+00
1.007705999999999991e+00
9.940899999999999181e-01
9.918430000000000302e-01
9.958510000000000417e-01
1.003627999999999965e+00
1.018661000000000039e+00
1.034243999999999941e+00
1.039455000000000018e+00
1.040817000000000103e+00
1.033531999999999895e+00
1.025093999999999950e+00
1.015571000000000002e+00
1.032942999999999945e+00
1.066459000000000046e+00
1.101270999999999889e+00
1.134287999999999963e+00
1.137891999999999904e+00
1.138612000000000180e+00
1.132942000000000116e+00
1.137121999999999966e+00
1.190350999999999937e+00
1.195247999999999866e+00
1.203262000000000054e+00
1.256099000000000077e+00
1.268462999999999896e+00
1.297814000000000023e+00
1.315933999999999937e+00
1.318182999999999883e+00
1.314462000000000019e+00
1.307366000000000028e+00
1.318840000000000012e+00
1.335261000000000031e+00
1.370454999999999979e+00
1.407561999999999980e+00
1.448395000000000099e+00
1.473119000000000067e+00
1.470760000000000067e+00
1.467613999999999974e+00
1.464323999999999959e+00
1.468477000000000032e+00
1.476647999999999961e+00
1.496464000000000016e+00
1.515716999999999981e+00
1.534524999999999917e+00
1.552302000000000071e+00
1.572491000000000083e+00
1.599099999999999966e+00
1.625536000000000092e+00
1.651505000000000001e+00
1.671674000000000104e+00
1.693626999999999994e+00
1.718111999999999862e+00
1.738547000000000065e+00
1.755457000000000045e+00
1.762299000000000060e+00
1.776831000000000049e+00
1.796246000000000009e+00
1.804604000000000097e+00
1.810616999999999921e+00
1.813086999999999893e+00
1.823372999999999911e+00
1.838149999999999951e+00
1.851975999999999845e+00
1.867650000000000032e+00
1.885191999999999757e+00
1.894938000000000011e+00
1.926822000000000035e+00
2.000001999999999835e+00
1.991011000000000086e+00
2.004195000000000171e+00
2.057720000000000216e+00
2.104990000000000361e+00
2.118975999999999971e+00
2.147035999999999945e+00
2.207818000000000058e+00
2.224734999999999907e+00
2.267271000000000036e+00
2.290248000000000062e+00
2.288961000000000023e+00
2.332529999999999770e+00
2.359929999999999861e+00
2.338763000000000147e+00
2.383900000000000130e+00
2.417723000000000066e+00
2.442581999999999809e+00
2.471368999999999705e+00
2.523372000000000170e+00
2.575047000000000086e+00
2.601091999999999960e+00
2.623565000000000147e+00
2.642018000000000200e+00
2.664029000000000202e+00
2.686093999999999760e+00
2.699686000000000252e+00
2.716229000000000227e+00
2.737654000000000032e+00
2.760470999999999897e+00
2.782816999999999652e+00
2.798574000000000339e+00
2.813414999999999999e+00
2.827940000000000342e+00
2.859554999999999847e+00
2.893641000000000130e+00
2.929266000000000147e+00
2.959915000000000074e+00
2.999176999999999982e+00
3.050170000000000048e+00
3.130081000000000113e+00
3.119638999999999829e+00
3.165056000000000314e+00
3.209666999999999604e+00
3.207184999999999953e+00
3.191508000000000234e+00
3.229487999999999914e+00
3.261343999999999799e+00
3.288983999999999686e+00
3.330034999999999634e+00
3.362216000000000538e+00
3.386769000000000140e+00
3.400023999999999713e+00
3.402495999999999743e+00
3.404948999999999781e+00
3.448700000000000099e+00
3.481062999999999796e+00
3.504544000000000104e+00
3.514409999999999812e+00
3.534983999999999682e+00
3.565878000000000103e+00
3.595628000000000046e+00
3.621786000000000172e+00
3.602676000000000212e+00
3.631372000000000266e+00
3.690934999999999633e+00
3.705303999999999931e+00
3.744608000000000381e+00
3.786359999999999726e+00
3.803566999999999698e+00
3.822205000000000297e+00
3.866073000000000537e+00
3.925098999999999894e+00
3.973138999999999754e+00
4.021205999999999392e+00
4.057091000000000669e+00
4.085208000000000617e+00
4.115358999999999767e+00
4.146025999999999989e+00
4.182928999999999675e+00
4.233042000000000193e+00
4.306957999999999842e+00
4.350094000000000349e+00
4.406208000000000347e+00
4.449366999999999628e+00
4.517205999999999833e+00
4.568642999999999788e+00
4.608401000000000636e+00
4.649295999999999651e+00
4.680690000000000239e+00
4.821235999999999855e+00
4.935986999999999902e+00
4.899398999999999837e+00
4.957952999999999832e+00
5.021833999999999243e+00
5.124220999999999471e+00
5.177287999999999890e+00
5.287599000000000160e+00
5.451992999999999867e+00
5.524923999999999502e+00
5.661598999999999826e+00
5.794061000000000128e+00
5.975419999999999732e+00
6.211837999999999305e+00
6.232210000000000250e+00
6.298296999999999812e+00
6.384521000000000335e+00
6.404005000000000614e+00
6.406293999999999933e+00
6.437216999999999523e+00
6.479194000000000564e+00
6.524183999999999983e+00
6.590413000000000743e+00
6.677657000000000842e+00
6.719152000000000236e+00
6.763853999999999367e+00
6.821197999999999873e+00
7.021671000000000440e+00
7.068330999999999698e+00
6.962561999999999252e+00
6.931294999999999540e+00
6.961161999999999850e+00
7.012622000000000355e+00
7.091769999999999463e+00
7.502994000000000163e+00
7.509769000000000361e+00
