-2.052082840235788019e+00
-2.004499999997141568e+00
-1.956738095238008679e+00
-1.946625000000580918e+00
-1.865583333333265870e+00
-1.808191082802311778e+00
-1.734587412587181854e+00
-1.676931297708672108e+00
-1.625540540539807122e+00
-1.613342465753992760e+00
-1.596178082192092118e+00
-1.597838709677080082e+00
-1.612133333331263740e+00
-1.619941176470709232e+00
-1.635664835166400932e+00
-1.631065217392353217e+00
-1.600754601226944462e+00
-1.593545454543209505e+00
-1.545223255811565943e+00
-1.550918032786817502e+00
-1.563212264150621644e+00
-1.553923076924041302e+00
-1.577130434782333612e+00
-1.560129032259018667e+00
-1.533533333333462645e+00
-1.526302469131948891e+00
-1.521959064327583988e+00
-1.508742138365503749e+00
-1.475436363634843540e+00
-1.424756410256343253e+00
-1.380496815288420054e+00
-1.326932432431786824e+00
-1.298155844155328698e+00
-1.257000000000000117e+00
-1.234415584415532896e+00
-1.198060402685074965e+00
-1.183000000000000052e+00
-1.159653594771127505e+00
-1.138707006370166974e+00
-1.098073619632541575e+00
-1.059559523809501247e+00
-1.033518518518052653e+00
-1.008000000000000007e+00
-9.702830188660181987e-01
-9.536711409400693285e-01
-9.339746835438373918e-01
-8.946438356162854655e-01
-8.599999999999999867e-01
-8.269523809513061874e-01
-8.002244897960476555e-01
-7.712554744525486061e-01
-7.432086330936005236e-01
-7.067092198579744133e-01
-6.889562043800272484e-01
-6.523529411777545528e-01
-6.430000000000000160e-01
-6.079999999999999849e-01
-5.840000000017638859e-01
-5.352380952381062817e-01
-5.160624999993320694e-01
-4.879999999999999893e-01
-4.693255813968599255e-01
-4.272204724409123799e-01
-4.083931034484308831e-01
-3.761679389308398291e-01
-3.520277777772724548e-01
-3.284014598543387176e-01
-3.536940298451640707e-01
-3.345725806450818296e-01
-3.444566929130501998e-01
-3.410080000185408133e-01
-3.932307692335246241e-01
-3.801680672270387196e-01
-3.923533834579210344e-01
-4.139435483860765541e-01
-4.234480000017210588e-01
-4.281395348867221284e-01
-4.550538461525959200e-01
-4.754846153856762681e-01
-4.651428571429759296e-01
-4.830642857142277702e-01
-5.310000000000000275e-01
-5.849597315440645540e-01
-5.949999999999999734e-01
-6.058609271528284657e-01
-6.195827814570238345e-01
-5.775584415570671482e-01
-5.706330935222652112e-01
-4.878679245256771213e-01
-5.518903225805046331e-01
-5.304523809510651722e-01
-4.958846153841633408e-01
-5.250800000003104095e-01
-5.430674157286285997e-01
-5.850551724138083332e-01
-6.127818181813435849e-01
-5.211923076930611298e-01
-5.363928571426219705e-01
-5.457321428569480437e-01
-5.902696629217525359e-01
-5.653488372095857306e-01
-5.359268292674876921e-01
-5.473850931656527585e-01
-5.847966101691653984e-01
-5.155345911947843973e-01
-5.442250000001319643e-01
-5.402474011918833030e-01
-5.364260174768542555e-01
-5.326046337618250970e-01
-5.287832500467960495e-01
-5.249618663317670020e-01
-5.211404826167378435e-01
-5.173190989017087960e-01
-5.134977151866797485e-01
-5.096763314716507010e-01
-5.058549477566215424e-01
-5.020335640415924949e-01
-4.982121803265633919e-01
-4.943907966115343444e-01
-4.905694128965052414e-01
-4.867480291814761939e-01
-4.829266454664470909e-01
-4.791052617514179879e-01
-4.752838780363889404e-01
-4.714624943213598374e-01
-4.676411106063307899e-01
-4.638197268913016869e-01
-4.599983431762726394e-01
-4.561769594612435363e-01
-4.523555757462144333e-01
-4.485341920311853858e-01
-4.447128083161562828e-01
-4.408914246011271798e-01
-4.370700408860981323e-01
-4.332486571710690293e-01
-4.294272734560399818e-01
-4.256058897410108788e-01
-4.217845060259818313e-01
-4.179631223109527283e-01
-4.141417385959236253e-01
-4.103203548808945778e-01
-4.064989711658654747e-01
-4.026775874508363717e-01
-3.758623853203978959e-01
-3.116494845355627930e-01
-2.243602484486629245e-01
-5.262399999999999300e-01
-3.975810000000000177e-01
-3.635920000000000263e-01
-3.019439999999999902e-01
-2.814880000000000160e-01
-1.447470000000000145e-01
-9.926100000000000201e-02
-1.192549999999999999e-01
-1.074299999999999977e-01
-8.000700000000000867e-02
-8.159800000000000386e-02
-5.069900000000000101e-02
-3.598500000000000310e-02
4.336899999999999783e-02
8.490799999999999736e-02
7.622999999999999221e-02
1.801949999999999941e-01
2.363159999999999983e-01
2.596149999999999847e-01
2.757419999999999871e-01
3.538919999999999844e-01
3.920889999999999653e-01
4.103560000000000541e-01
4.158689999999999332e-01
4.267170000000000130e-01
4.698449999999999571e-01
5.275449999999999307e-01
5.876149999999999984e-01
6.410580000000000167e-01
6.823859999999999371e-01
7.039159999999999862e-01
7.306529999999999969e-01
7.432270000000000820e-01
7.391340000000000687e-01
7.792510000000000270e-01
8.174259999999999859e-01
8.527620000000001310e-01
8.882440000000000335e-01
8.723540000000000738e-01
9.060059999999999780e-01
9.105110000000000703e-01
9.037459999999999383e-01
9.416839999999999655e-01
9.346399999999999153e-01
9.495749999999999469e-01
9.980450000000000710e-01
1.037617999999999929e+00
1.062896999999999981e+00
1.079379000000000088e+00
1.087266999999999983e+00
1.084141999999999939e+00
1.082983000000000029e+00
1.084673999999999916e+00
1.079215999999999953e+00
1.093079999999999830e+00
1.120670000000000055e+00
1.153375000000000039e+00
1.177993999999999986e+00
1.195161000000000140e+00
1.203043000000000085e+00
1.188429999999999875e+00
1.182004000000000055e+00
1.187742999999999993e+00
1.223243999999999998e+00
1.260982000000000047e+00
1.297404000000000002e+00
1.301596999999999893e+00
1.308234000000000119e+00
1.311460000000000070e+00
1.276702000000000004e+00
1.247166999999999915e+00
1.225157999999999969e+00
1.221098000000000017e+00
1.218042999999999987e+00
1.218470000000000164e+00
1.228779000000000066e+00
1.232629000000000197e+00
1.218393000000000059e+00
1.172360000000000069e+00
1.126022999999999996e+00
1.081690000000000040e+00
1.032446999999999893e+00
9.186020000000000296e-01
8.526139999999999830e-01
9.288330000000000197e-01
1.024318000000000062e+00
1.065945999999999838e+00
1.110386000000000095e+00
1.212439999999999962e+00
1.215970999999999913e+00
1.180212000000000039e+00
1.087731000000000003e+00
9.715899999999999537e-01
1.060065999999999953e+00
1.096318000000000126e+00
1.133265999999999885e+00
1.150357999999999992e+00
1.139004999999999823e+00
1.128163000000000027e+00
1.108155000000000001e+00
1.136098999999999970e+00
1.195567999999999964e+00
1.186386000000000163e+00
1.233288999999999858e+00
1.319627000000000105e+00
1.299935999999999980e+00
1.299464999999999870e+00
1.332971999999999824e+00
1.321937999999999835e+00
1.307625999999999955e+00
1.332023999999999875e+00
1.352208000000000077e+00
1.347409000000000079e+00
1.362441999999999931e+00
1.367102999999999957e+00
1.397554999999999881e+00
1.396596999999999866e+00
1.382578000000000085e+00
1.414627000000000079e+00
1.443054999999999977e+00
1.459220999999999879e+00
1.458490999999999982e+00
1.483222999999999958e+00
1.473995000000000166e+00
1.497316000000000091e+00
1.530234000000000094e+00
1.551449999999999996e+00
1.559749999999999970e+00
1.559284000000000114e+00
1.561337999999999893e+00
1.562942000000000053e+00
1.541876000000000024e+00
1.532587999999999839e+00
1.540440999999999949e+00
1.590037999999999840e+00
1.626735999999999960e+00
1.654775999999999803e+00
1.672870999999999997e+00
1.682745999999999853e+00
1.690106000000000108e+00
1.697267999999999999e+00
1.704058000000000073e+00
1.704958000000000196e+00
1.689391000000000087e+00
1.694845000000000157e+00
1.708840000000000137e+00
1.729854999999999920e+00
1.768429000000000029e+00
1.808259999999999756e+00
1.841175999999999924e+00
1.848732000000000042e+00
1.853972999999999871e+00
1.863990999999999953e+00
1.872800999999999938e+00
1.882732000000000072e+00
1.894670999999999994e+00
1.926025000000000098e+00
1.966693999999999942e+00
2.015466999999999675e+00
2.065141999999999811e+00
2.106592000000000020e+00
2.138490000000000002e+00
2.156196000000000002e+00
2.175304000000000126e+00
2.195770000000000000e+00
2.212833000000000272e+00
2.231790000000000163e+00
2.258842000000000017e+00
2.320864999999999956e+00
2.368611000000000022e+00
2.387256999999999962e+00
2.391472999999999960e+00
2.457838999999999885e+00
2.459570000000000256e+00
2.455003000000000046e+00
2.516795999999999811e+00
2.531571000000000016e+00
2.520966000000000040e+00
2.562068000000000012e+00
2.587818999999999647e+00
2.579547000000000256e+00
2.619956000000000174e+00
2.647445000000000270e+00
2.643511999999999862e+00
2.673684000000000172e+00
2.695099000000000355e+00
2.699535000000000018e+00
2.707140000000000324e+00
2.736158000000000090e+00
2.745095000000000063e+00
2.746491999999999933e+00
2.787916000000000061e+00
2.812537999999999982e+00
2.801775999999999822e+00
2.825158000000000058e+00
2.851579999999999782e+00
2.821470999999999840e+00
2.848716999999999722e+00
2.885743999999999865e+00
2.860523000000000149e+00
2.893027999999999711e+00
2.936603999999999992e+00
2.969770000000000021e+00
2.972904999999999909e+00
2.977206999999999937e+00
2.962740999999999847e+00
2.951795999999999864e+00
2.983302999999999816e+00
3.027381000000000100e+00
3.051539000000000001e+00
3.060967999999999911e+00
3.029115000000000002e+00
3.007725000000000204e+00
3.103483999999999909e+00
3.082911000000000179e+00
3.061472000000000193e+00
3.094949000000000172e+00
3.163302999999999976e+00
3.218567999999999873e+00
3.219991999999999965e+00
3.219983000000000040e+00
3.218484000000000123e+00
3.293179000000000300e+00
3.317035999999999873e+00
3.304568000000000172e+00
3.306401000000000145e+00
3.300387000000000182e+00
3.346841000000000399e+00
3.415702999999999712e+00
3.406071999999999989e+00
3.414107000000000003e+00
3.405169000000000334e+00
3.470694000000000390e+00
3.489193000000000211e+00
3.522422000000000164e+00
3.525868000000000002e+00
3.508208999999999467e+00
3.586867999999999945e+00
3.563180000000000458e+00
3.653631999999999991e+00
3.611365000000000158e+00
3.694934999999999636e+00
3.695430000000000437e+00
3.712215000000000042e+00
3.753874999999999851e+00
3.811208999999999847e+00
3.796345999999999776e+00
3.853683000000000192e+00
3.821617999999999959e+00
3.869205999999999701e+00
3.880369000000000401e+00
3.979715000000000114e+00
4.051201999999999970e+00
4.138724999999999987e+00
4.167240000000000499e+00
4.151227999999999696e+00
4.191574000000000133e+00
4.225933000000000384e+00
4.268467000000000233e+00
4.363077999999999790e+00
4.487848999999999755e+00
4.567198999999999565e+00
4.608242999999999867e+00
4.634675999999999796e+00
4.698882000000000225e+00
4.680807999999999858e+00
4.705048999999999815e+00
4.729227999999999987e+00
5.024928000000000061e+00
5.081379000000000090e+00
4.952506999999999771e+00
4.975227999999999540e+00
5.049761000000000166e+00
5.163636000000000337e+00
5.244979999999999976e+00
5.321696000000000204e+00
5.435191000000000550e+00
5.523222000000000520e+00
5.589367000000000196e+00
5.589367000000000196e+00
5.589367000000000196e+00
5.589367000000000196e+00
5.589367000000000196e+00
5.589367000000000196e+00
5.589367000000000196e+00
5.589367000000000196e+00
5.589367000000000196e+00
5.589367000000000196e+00
5.589367000000000196e+00
5.589367000000000196e+00
5.589367000000000196e+00
5.589367000000000196e+00
5.589367000000000196e+00
5.589367000000000196e+00
5.589367000000000196e+00
5.589367000000000196e+00
5.589367000000000196e+00
5.589367000000000196e+00
5.589367000000000196e+00
5.589367000000000196e+00
5.589367000000000196e+00
5.589367000000000196e+00
5.589367000000000196e+00
5.589367000000000196e+00
