-2.052082840235788019e+00
-2.004499999997141568e+00
-1.956738095238008679e+00
-1.946625000000580918e+00
-1.865583333333265870e+00
-1.808191082802311778e+00
-1.734587412587181854e+00
-1.676931297708672108e+00
-1.625540540539807122e+00
-1.613342465753992760e+00
-1.596178082192092118e+00
-1.597838709677080082e+00
-1.612133333331263740e+00
-1.619941176470709232e+00
-1.635664835166400932e+00
-1.631065217392353217e+00
-1.600754601226944462e+00
-1.593545454543209505e+00
-1.545223255811565943e+00
-1.550918032786817502e+00
-1.563212264150621644e+00
-1.553923076924041302e+00
-1.577130434782333612e+00
-1.560129032259018667e+00
-1.533533333333462645e+00
-1.526302469131948891e+00
-1.521959064327583988e+00
-1.508742138365503749e+00
-1.475436363634843540e+00
-1.424756410256343253e+00
-1.380496815288420054e+00
-1.326932432431786824e+00
-1.298155844155328698e+00
-1.257000000000000117e+00
-1.234415584415532896e+00
-1.198060402685074965e+00
-1.183000000000000052e+00
-1.159653594771127505e+00
-1.138707006370166974e+00
-1.098073619632541575e+00
-1.059559523809501247e+00
-1.033518518518052653e+00
-1.008000000000000007e+00
-9.702830188660181987e-01
-9.536711409400693285e-01
-9.339746835438373918e-01
-8.946438356162854655e-01
-8.599999999999999867e-01
-8.269523809513061874e-01
-8.002244897960476555e-01
-7.712554744525486061e-01
-7.432086330936005236e-01
-7.067092198579744133e-01
-6.889562043800272484e-01
-6.523529411777545528e-01
-6.430000000000000160e-01
-6.079999999999999849e-01
-5.840000000017638859e-01
-5.352380952381062817e-01
-5.160624999993320694e-01
-4.879999999999999893e-01
-4.693255813968599255e-01
-4.272204724409123799e-01
-4.083931034484308831e-01
-3.761679389308398291e-01
-3.520277777772724548e-01
-3.284014598543387176e-01
-3.536940298451640707e-01
-3.345725806450818296e-01
-3.444566929130501998e-01
-3.410080000185408133e-01
-3.932307692335246241e-01
-3.801680672270387196e-01
-3.923533834579210344e-01
-4.139435483860765541e-01
-4.234480000017210588e-01
-4.281395348867221284e-01
-4.550538461525959200e-01
-4.754846153856762681e-01
-4.651428571429759296e-01
-4.830642857142277702e-01
-5.310000000000000275e-01
-5.849597315440645540e-01
-5.949999999999999734e-01
-6.058609271528284657e-01
-6.195827814570238345e-01
-5.775584415570671482e-01
-5.706330935222652112e-01
-4.878679245256771213e-01
-5.518903225805046331e-01
-5.304523809510651722e-01
-4.958846153841633408e-01
-5.250800000003104095e-01
-5.430674157286285997e-01
-5.850551724138083332e-01
-6.127818181813435849e-01
-5.211923076930611298e-01
-5.363928571426219705e-01
-5.457321428569480437e-01
-5.902696629217525359e-01
-5.653488372095857306e-01
-5.359268292674876921e-01
-5.473850931656527585e-01
-5.847966101691653984e-01
-5.155345911947843973e-01
-5.442250000001319643e-01
-5.402474011918833030e-01
-5.364260174768542555e-01
-5.326046337618250970e-01
-5.287832500467960495e-01
-5.249618663317670020e-01
-5.211404826167378435e-01
-5.173190989017087960e-01
-5.134977151866797485e-01
-5.096763314716507010e-01
-5.058549477566215424e-01
-5.020335640415924949e-01
-4.982121803265633919e-01
-4.943907966115343444e-01
-4.905694128965052414e-01
-4.867480291814761939e-01
-4.829266454664470909e-01
-4.791052617514179879e-01
-4.752838780363889404e-01
-4.714624943213598374e-01
-4.676411106063307899e-01
-4.638197268913016869e-01
-4.599983431762726394e-01
-4.561769594612435363e-01
-4.523555757462144333e-01
-4.485341920311853858e-01
-4.447128083161562828e-01
-4.408914246011271798e-01
-4.370700408860981323e-01
-4.332486571710690293e-01
-4.294272734560399818e-01
-4.256058897410108788e-01
-4.217845060259818313e-01
-4.179631223109527283e-01
-4.141417385959236253e-01
-4.103203548808945778e-01
-4.064989711658654747e-01
-4.026775874508363717e-01
-3.758623853203978959e-01
-3.116494845355627930e-01
-2.243602484486629245e-01
-2.000645161302133934e-01
-1.068724631354338872e-01
-9.272071261828758459e-02
-7.856896210114126811e-02
-6.441721158399496550e-02
-5.026546106684864901e-02
-3.611371054970234640e-02
-2.196196003255602991e-02
-7.810209515409727299e-03
6.341541001736589189e-03
2.049329151888289180e-02
3.464504203602920829e-02
4.879679255317552478e-02
6.294854307032181351e-02
7.710029358746813000e-02
9.125204410461444648e-02
1.054037946217607630e-01
1.195555451389070517e-01
1.337072956560533821e-01
1.478590461731996708e-01
1.620107966903460150e-01
1.761625472074923038e-01
1.903142977246386480e-01
2.044660482417849368e-01
2.186177987589312255e-01
2.327695492760775697e-01
2.469212997932238585e-01
2.766850000000000143e-01
3.311929999999999596e-01
3.709449999999999692e-01
3.987499999999999933e-01
3.759619999999999629e-01
4.476350000000000606e-01
4.506910000000000083e-01
5.322869999999999546e-01
5.465109999999999690e-01
5.726189999999999891e-01
6.082089999999999996e-01
6.950609999999999289e-01
7.344559999999999977e-01
7.272779999999999800e-01
7.721770000000000023e-01
8.333589999999999609e-01
8.715000000000000524e-01
8.726649999999999130e-01
8.546870000000000855e-01
9.011870000000000713e-01
9.484389999999999210e-01
9.995260000000000256e-01
1.056637000000000048e+00
1.085399000000000003e+00
1.109199000000000046e+00
1.129008000000000012e+00
1.149545000000000039e+00
1.169848999999999917e+00
1.189659000000000022e+00
1.204554000000000125e+00
1.217296999999999851e+00
1.225891000000000064e+00
1.230312999999999990e+00
1.230920000000000014e+00
1.233070999999999806e+00
1.233924999999999939e+00
1.228650000000000020e+00
1.226291999999999938e+00
1.226885000000000003e+00
1.241754000000000024e+00
1.262964999999999893e+00
1.309555000000000025e+00
1.351747999999999950e+00
1.384262000000000103e+00
1.401750000000000052e+00
1.410694000000000115e+00
1.417868000000000128e+00
1.422344999999999970e+00
1.419958999999999971e+00
1.422201000000000048e+00
1.427702000000000027e+00
1.445284000000000013e+00
1.461527000000000021e+00
1.470787999999999984e+00
1.483446999999999960e+00
1.497900000000000009e+00
1.512000000000000011e+00
1.524279999999999857e+00
1.533364999999999867e+00
1.538621000000000016e+00
1.540848999999999913e+00
1.529371999999999954e+00
1.514410000000000034e+00
1.495487999999999928e+00
1.501349000000000045e+00
1.468939999999999912e+00
1.485751000000000044e+00
1.447848000000000024e+00
1.438169000000000031e+00
1.449114999999999931e+00
1.402498000000000022e+00
1.410425999999999958e+00
1.360416999999999987e+00
1.067146999999999846e+00
1.130395000000000039e+00
1.210299000000000014e+00
1.262904999999999944e+00
1.332338999999999940e+00
1.342887000000000164e+00
1.391907000000000005e+00
1.369913999999999854e+00
1.296703000000000161e+00
1.311398000000000064e+00
1.379617000000000093e+00
1.395226000000000077e+00
1.374279999999999946e+00
1.376862000000000030e+00
1.428201999999999972e+00
1.396849999999999925e+00
1.427752000000000132e+00
1.445320999999999856e+00
1.425426000000000082e+00
1.433286000000000060e+00
1.444851000000000107e+00
1.474477999999999955e+00
1.469045999999999852e+00
1.458722999999999992e+00
1.484313999999999911e+00
1.487131999999999898e+00
1.478707999999999911e+00
1.497252000000000027e+00
1.510138999999999898e+00
1.515568999999999944e+00
1.530212000000000128e+00
1.525345999999999869e+00
1.536691999999999947e+00
1.539954999999999963e+00
1.530942999999999943e+00
1.562359999999999971e+00
1.554715999999999987e+00
1.555736000000000008e+00
1.576864000000000043e+00
1.606414999999999926e+00
1.635253000000000068e+00
1.643656000000000228e+00
1.678085999999999967e+00
1.712556000000000189e+00
1.715300999999999743e+00
1.751677000000000151e+00
1.784837000000000007e+00
1.803384999999999794e+00
1.796092999999999940e+00
1.816788999999999987e+00
1.841741999999999768e+00
1.871675999999999895e+00
1.908224000000000142e+00
1.957054000000000071e+00
2.007225999999999733e+00
2.045465000000000089e+00
2.077806999999999960e+00
2.104302000000000117e+00
2.099034999999999762e+00
2.117297000000000207e+00
2.160257000000000094e+00
2.192416000000000142e+00
2.217824000000000240e+00
2.226895000000000291e+00
2.252148000000000039e+00
2.260628000000000082e+00
2.282613000000000003e+00
2.313540000000000152e+00
2.345584999999999809e+00
2.392358999999999902e+00
2.432068000000000119e+00
2.449521999999999977e+00
2.490277999999999992e+00
2.510189000000000004e+00
2.519763000000000197e+00
2.555015000000000036e+00
2.558515000000000317e+00
2.577434999999999921e+00
2.584621999999999975e+00
2.595518000000000214e+00
2.609925000000000050e+00
2.643695999999999824e+00
2.645262999999999920e+00
2.689046999999999965e+00
2.679588999999999999e+00
2.690045000000000019e+00
2.715466999999999853e+00
2.758538999999999852e+00
2.741988999999999788e+00
2.746272999999999964e+00
2.817041000000000128e+00
2.812444999999999862e+00
2.824690000000000367e+00
2.818325999999999887e+00
2.838427999999999951e+00
2.844467999999999996e+00
2.886747999999999870e+00
2.886024000000000367e+00
2.905030000000000001e+00
2.869282000000000110e+00
2.930622999999999756e+00
2.962056000000000022e+00
2.979575000000000085e+00
2.971445000000000114e+00
2.984984999999999999e+00
3.010650000000000048e+00
3.032899000000000012e+00
3.045547000000000004e+00
3.045387999999999984e+00
3.045412999999999926e+00
3.053906000000000009e+00
3.072675999999999963e+00
3.127895000000000092e+00
3.106068999999999747e+00
3.107277999999999984e+00
3.131437000000000026e+00
3.152140999999999860e+00
3.168900999999999968e+00
3.190336999999999978e+00
3.219647000000000148e+00
3.236368000000000134e+00
3.270878999999999870e+00
3.282995999999999803e+00
3.275815999999999839e+00
3.305394000000000165e+00
3.358394000000000101e+00
3.352859999999999729e+00
3.367030999999999885e+00
3.393259999999999721e+00
3.418991000000000557e+00
3.408080999999999694e+00
3.426015000000000033e+00
3.493028999999999940e+00
3.540891999999999928e+00
3.588931999999999789e+00
3.596573000000000242e+00
3.576616000000000462e+00
3.552926000000000251e+00
3.594854000000000216e+00
3.619623999999999953e+00
3.632355000000000445e+00
3.652611000000000274e+00
3.669430000000000192e+00
3.704702999999999857e+00
3.753358999999999668e+00
3.798465000000000202e+00
3.798953000000000024e+00
3.790035000000000043e+00
3.838865000000000194e+00
3.879024999999999945e+00
3.928451999999999611e+00
3.961126999999999843e+00
4.065866000000000646e+00
4.150220000000000020e+00
4.162367999999999846e+00
4.172771000000000008e+00
4.238541999999999810e+00
4.265817000000000192e+00
4.278804000000000052e+00
4.336746999999999908e+00
4.428805000000000547e+00
4.566583999999999754e+00
4.626187999999999967e+00
4.683753000000000277e+00
4.695784999999999876e+00
4.686651999999999596e+00
4.686651999999999596e+00
4.686651999999999596e+00
4.686651999999999596e+00
4.686651999999999596e+00
4.686651999999999596e+00
4.686651999999999596e+00
4.686651999999999596e+00
4.686651999999999596e+00
4.686651999999999596e+00
4.686651999999999596e+00
4.686651999999999596e+00
4.686651999999999596e+00
4.686651999999999596e+00
4.686651999999999596e+00
4.686651999999999596e+00
4.686651999999999596e+00
4.686651999999999596e+00
4.686651999999999596e+00
4.686651999999999596e+00
4.686651999999999596e+00
4.686651999999999596e+00
4.686651999999999596e+00
4.686651999999999596e+00
4.686651999999999596e+00
4.686651999999999596e+00
4.686651999999999596e+00
4.686651999999999596e+00
4.686651999999999596e+00
4.686651999999999596e+00
4.686651999999999596e+00
4.686651999999999596e+00
4.686651999999999596e+00
4.686651999999999596e+00
4.686651999999999596e+00
4.686651999999999596e+00
4.686651999999999596e+00
4.686651999999999596e+00
4.686651999999999596e+00
