-2.052082840235788019e+00
-2.004499999997141568e+00
-1.956738095238008679e+00
-1.946625000000580918e+00
-1.865583333333265870e+00
-1.808191082802311778e+00
-1.734587412587181854e+00
-1.676931297708672108e+00
-1.625540540539807122e+00
-1.613342465753992760e+00
-1.596178082192092118e+00
-1.597838709677080082e+00
-1.612133333331263740e+00
-1.619941176470709232e+00
-1.635664835166400932e+00
-1.631065217392353217e+00
-1.600754601226944462e+00
-1.593545454543209505e+00
-1.545223255811565943e+00
-1.550918032786817502e+00
-1.563212264150621644e+00
-1.553923076924041302e+00
-1.577130434782333612e+00
-1.560129032259018667e+00
-1.533533333333462645e+00
-1.526302469131948891e+00
-1.521959064327583988e+00
-1.508742138365503749e+00
-1.475436363634843540e+00
-1.424756410256343253e+00
-1.380496815288420054e+00
-1.326932432431786824e+00
-1.298155844155328698e+00
-1.257000000000000117e+00
-1.234415584415532896e+00
-1.198060402685074965e+00
-1.183000000000000052e+00
-1.159653594771127505e+00
-1.138707006370166974e+00
-1.098073619632541575e+00
-1.059559523809501247e+00
-1.033518518518052653e+00
-1.008000000000000007e+00
-9.702830188660181987e-01
-9.536711409400693285e-01
-9.339746835438373918e-01
-8.946438356162854655e-01
-8.599999999999999867e-01
-8.269523809513061874e-01
-8.002244897960476555e-01
-7.712554744525486061e-01
-7.432086330936005236e-01
-7.067092198579744133e-01
-6.889562043800272484e-01
-6.523529411777545528e-01
-6.430000000000000160e-01
-6.079999999999999849e-01
-5.840000000017638859e-01
-5.352380952381062817e-01
-5.160624999993320694e-01
-4.879999999999999893e-01
-4.693255813968599255e-01
-4.272204724409123799e-01
-4.083931034484308831e-01
-3.761679389308398291e-01
-3.520277777772724548e-01
-3.284014598543387176e-01
-3.536940298451640707e-01
-3.345725806450818296e-01
-3.444566929130501998e-01
-3.410080000185408133e-01
-3.932307692335246241e-01
-3.801680672270387196e-01
-3.923533834579210344e-01
-4.139435483860765541e-01
-4.234480000017210588e-01
-4.281395348867221284e-01
-4.550538461525959200e-01
-4.754846153856762681e-01
-4.651428571429759296e-01
-4.830642857142277702e-01
-5.310000000000000275e-01
-5.849597315440645540e-01
-5.949999999999999734e-01
-6.058609271528284657e-01
-6.195827814570238345e-01
-5.775584415570671482e-01
-5.706330935222652112e-01
-4.878679245256771213e-01
-5.518903225805046331e-01
-5.304523809510651722e-01
-4.958846153841633408e-01
-5.250800000003104095e-01
-5.430674157286285997e-01
-5.850551724138083332e-01
-6.127818181813435849e-01
-5.211923076930611298e-01
-5.363928571426219705e-01
-5.457321428569480437e-01
-5.902696629217525359e-01
-5.653488372095857306e-01
-5.359268292674876921e-01
-5.473850931656527585e-01
-5.847966101691653984e-01
-5.155345911947843973e-01
-5.442250000001319643e-01
-5.402474011918833030e-01
-5.364260174768542555e-01
-5.326046337618250970e-01
-5.287832500467960495e-01
-5.249618663317670020e-01
-5.211404826167378435e-01
-5.173190989017087960e-01
-5.134977151866797485e-01
-5.096763314716507010e-01
-5.058549477566215424e-01
-5.020335640415924949e-01
-4.982121803265633919e-01
-4.943907966115343444e-01
-4.905694128965052414e-01
-4.867480291814761939e-01
-4.829266454664470909e-01
-4.791052617514179879e-01
-4.752838780363889404e-01
-4.714624943213598374e-01
-4.676411106063307899e-01
-4.638197268913016869e-01
-4.599983431762726394e-01
-4.561769594612435363e-01
-4.523555757462144333e-01
-4.485341920311853858e-01
-4.447128083161562828e-01
-4.408914246011271798e-01
-4.370700408860981323e-01
-4.332486571710690293e-01
-4.294272734560399818e-01
-4.256058897410108788e-01
-4.217845060259818313e-01
-4.179631223109527283e-01
-4.141417385959236253e-01
-4.103203548808945778e-01
-4.064989711658654747e-01
-4.026775874508363717e-01
-3.758623853203978959e-01
-3.116494845355627930e-01
-2.243602484486629245e-01
-2.000645161302133934e-01
-1.071116362691281465e-01
-9.404211712606824758e-02
-8.097259798300834865e-02
-6.790307883994844973e-02
-5.483355969688855081e-02
-4.176404055382865188e-02
-2.869452141076875296e-02
-1.562500226770885403e-02
-2.555483124648941229e-03
1.051403601841095770e-02
2.358355516147085662e-02
3.665307430453075554e-02
4.972259344759065447e-02
6.279211259065055339e-02
7.586163173371045232e-02
8.893115087677035124e-02
1.020006700198302502e-01
1.150701891628901491e-01
1.281397083059500619e-01
1.412092274490099886e-01
1.542787465920698597e-01
1.673482657351297864e-01
1.804177848781896576e-01
1.934873040212495843e-01
2.065568231643094554e-01
2.196263423073693821e-01
2.326958614504292533e-01
2.457653805934891800e-01
2.588348997365491067e-01
2.719044188796089778e-01
2.849739380226689045e-01
2.980434571657287757e-01
3.111129763087887024e-01
3.241824954518485735e-01
3.372520145949085002e-01
3.503215337379683714e-01
3.633910528810282980e-01
3.764605720240881692e-01
3.895300911671480959e-01
4.025996103102079671e-01
4.156691294532678382e-01
4.287386485963278204e-01
4.418081677393876916e-01
4.548776868824475628e-01
4.679472060255075450e-01
4.810167251685674161e-01
4.940862443116272873e-01
5.071557634546871585e-01
5.202252825977471407e-01
5.332948017408070118e-01
5.463643208838668830e-01
5.594338400269267542e-01
5.725033591699867364e-01
5.855728783130466075e-01
5.986423974561064787e-01
6.117119165991663499e-01
6.247814357422263321e-01
6.378509548852862032e-01
6.509204740283460744e-01
6.639899931714059456e-01
6.770595123144659278e-01
6.901290314575257989e-01
7.031985506005856701e-01
7.162680697436456523e-01
7.293375888867055234e-01
7.424071080297653946e-01
7.554766271728252658e-01
7.685461463158852480e-01
7.816156654589451191e-01
7.946851846020049903e-01
8.077547037450648615e-01
8.208242228881248437e-01
8.338937420311847148e-01
8.469632611742445860e-01
8.600327803173044572e-01
8.731022994603644394e-01
8.861718186034243105e-01
8.992413377464841817e-01
9.123108568895440529e-01
9.253803760326039241e-01
9.384498951756640173e-01
9.515194143187238884e-01
9.645889334617837596e-01
9.776584526048436308e-01
9.907279717479035019e-01
1.003797490890963262e+00
1.016867010034023133e+00
1.029936529177083004e+00
1.043006048320143098e+00
1.056075567463202969e+00
1.069145086606262840e+00
1.082214605749322711e+00
1.095284124892382582e+00
1.108353644035442453e+00
1.121423163178502325e+00
1.134492682321562418e+00
1.147562201464622289e+00
1.160631720607682160e+00
1.173701239750742031e+00
1.186770758893801903e+00
1.199840278036861774e+00
1.212909797179921645e+00
1.225979316322981516e+00
1.239048835466041609e+00
1.252118354609101480e+00
1.265187873752161352e+00
1.278257392895221223e+00
1.291326912038281094e+00
1.304396431181340965e+00
1.317465950324400836e+00
1.330535469467460929e+00
1.343604988610520801e+00
1.356674507753580672e+00
1.369744026896640543e+00
1.382813546039700414e+00
1.395883065182760285e+00
1.408952584325820157e+00
1.422022103468880028e+00
1.435091622611940121e+00
1.448161141754999992e+00
1.461230660898059863e+00
1.474300180041119734e+00
1.487369699184179606e+00
1.500439218327239477e+00
1.513508737470299348e+00
1.526578256613359441e+00
1.539647775756419312e+00
1.552717294899479183e+00
1.565786814042539055e+00
1.578856333185598926e+00
1.591925852328658797e+00
1.604995371471718668e+00
1.618064890614778539e+00
1.631134409757838633e+00
1.644203928900898504e+00
1.657273448043958375e+00
1.670342967187018246e+00
1.683412486330078117e+00
1.696482005473137988e+00
1.709551524616197860e+00
1.722621043759257953e+00
1.735690562902317824e+00
1.748760082045377695e+00
1.761829601188437566e+00
1.774899120331497437e+00
1.787968639474557309e+00
1.801038158617617180e+00
1.814107677760677051e+00
1.827177196903737144e+00
1.840246716046797015e+00
1.853316235189856886e+00
1.866385754332916758e+00
1.879455273475976629e+00
1.892524792619036722e+00
1.905594311762096593e+00
1.918663830905156464e+00
1.931733350048216336e+00
1.944802869191276207e+00
1.957872388334336078e+00
1.970941907477395949e+00
1.984011426620455820e+00
1.997080945763515691e+00
2.010150464906575785e+00
2.023219984049635656e+00
2.036289503192695527e+00
2.049359022335755398e+00
2.062428541478815269e+00
2.075498060621875585e+00
2.088567579764935456e+00
2.101637098907995327e+00
2.114706618051055198e+00
2.127776137194115069e+00
2.140845656337174940e+00
2.153915175480234812e+00
2.166984694623294683e+00
2.180054213766354554e+00
2.193123732909414425e+00
2.206193252052474296e+00
2.219262771195534167e+00
2.232332290338594039e+00
2.245401809481653910e+00
2.258471328624713781e+00
2.271540847767774096e+00
2.284610366910833967e+00
2.297679886053893838e+00
2.310749405196953710e+00
2.323818924340013581e+00
2.336888443483073452e+00
2.349957962626133323e+00
2.363027481769193194e+00
2.376097000912253066e+00
2.389166520055312937e+00
2.402236039198372808e+00
2.415305558341432679e+00
2.428375077484492550e+00
2.441444596627552421e+00
2.454514115770612293e+00
2.467583634913672608e+00
2.480653154056732479e+00
2.493722673199792350e+00
2.506792192342852221e+00
2.502447999999999784e+00
2.512141000000000179e+00
2.564306999999999892e+00
2.593318000000000012e+00
2.646673999999999971e+00
2.679164000000000101e+00
2.690570999999999824e+00
2.738231999999999999e+00
2.754709000000000074e+00
2.768022999999999900e+00
2.809824000000000321e+00
2.817004000000000286e+00
2.868452999999999697e+00
2.917835999999999874e+00
2.933711000000000180e+00
2.987397999999999776e+00
2.999874999999999847e+00
3.017724000000000295e+00
3.069916000000000089e+00
3.063431000000000015e+00
3.131323000000000079e+00
3.156411999999999995e+00
3.177038999999999724e+00
3.221938000000000191e+00
3.230341000000000129e+00
3.225299000000000138e+00
3.302983999999999476e+00
3.308488999999999791e+00
3.350227999999999984e+00
3.381937000000000193e+00
3.412848999999999577e+00
3.443760999999999850e+00
3.474613999999999869e+00
3.496795999999999793e+00
3.532745999999999942e+00
3.569208000000000158e+00
3.594945999999999753e+00
3.621831999999999940e+00
3.610214000000000034e+00
3.613364999999999938e+00
3.643536000000000108e+00
3.687380000000000102e+00
3.722991000000000383e+00
3.748030999999999668e+00
3.762596999999999969e+00
3.769487000000000254e+00
3.777912000000000159e+00
3.781956999999999791e+00
3.811717999999999940e+00
3.904654000000000291e+00
3.977023999999999671e+00
3.994909999999999961e+00
4.017386000000000124e+00
4.056262000000000256e+00
4.102490000000000414e+00
4.162747000000000419e+00
4.225895999999999653e+00
4.276767999999999681e+00
4.319861000000000395e+00
4.367510000000000225e+00
4.427319999999999922e+00
4.495820000000000149e+00
4.524737000000000009e+00
4.561641999999999975e+00
4.591791000000000622e+00
4.670187999999999562e+00
4.737383000000000344e+00
4.780981999999999843e+00
4.872529000000000110e+00
4.925073999999999508e+00
5.013156999999999641e+00
5.154156999999999655e+00
5.226689000000000362e+00
5.292920999999999765e+00
5.440891000000000588e+00
5.500358000000000303e+00
5.636535000000000295e+00
5.763976000000000433e+00
6.018159999999999954e+00
6.180623999999999896e+00
6.294762999999999664e+00
6.285932999999999993e+00
6.372470999999999997e+00
6.437935999999999659e+00
6.446530000000000094e+00
6.477111999999999981e+00
6.485357999999999734e+00
6.584088000000000385e+00
6.527097000000000371e+00
6.640933999999999671e+00
6.644200999999999802e+00
6.786958999999999520e+00
6.881574000000000524e+00
6.995625000000000426e+00
7.077214999999999812e+00
6.998166000000000331e+00
6.974125999999999159e+00
6.994741000000000319e+00
6.996675999999999895e+00
7.062999000000000471e+00
7.294608999999999455e+00
7.514199999999999768e+00
