-2.052082840235788019e+00
-2.004499999997141568e+00
-1.956738095238008679e+00
-1.946625000000580918e+00
-1.865583333333265870e+00
-1.808191082802311778e+00
-1.734587412587181854e+00
-1.676931297708672108e+00
-1.625540540539807122e+00
-1.613342465753992760e+00
-1.596178082192092118e+00
-1.597838709677080082e+00
-1.612133333331263740e+00
-1.619941176470709232e+00
-1.635664835166400932e+00
-1.631065217392353217e+00
-1.600754601226944462e+00
-1.593545454543209505e+00
-1.545223255811565943e+00
-1.550918032786817502e+00
-1.563212264150621644e+00
-1.553923076924041302e+00
-1.577130434782333612e+00
-1.560129032259018667e+00
-1.533533333333462645e+00
-1.526302469131948891e+00
-1.521959064327583988e+00
-1.508742138365503749e+00
-1.475436363634843540e+00
-1.424756410256343253e+00
-1.380496815288420054e+00
-1.326932432431786824e+00
-1.298155844155328698e+00
-1.257000000000000117e+00
-1.234415584415532896e+00
-1.198060402685074965e+00
-1.183000000000000052e+00
-1.159653594771127505e+00
-1.138707006370166974e+00
-1.098073619632541575e+00
-1.059559523809501247e+00
-1.033518518518052653e+00
-1.008000000000000007e+00
-9.702830188660181987e-01
-9.536711409400693285e-01
-9.339746835438373918e-01
-7.475939999999999808e-01
-7.136109999999999953e-01
-6.756250000000000311e-01
-6.528899999999999704e-01
-6.109259999999999691e-01
-5.716799999999999660e-01
-5.503930000000000211e-01
-5.183300000000000685e-01
-4.980050000000000310e-01
-4.745930000000000426e-01
-4.616279999999999828e-01
-4.320160000000000111e-01
-4.209620000000000029e-01
-4.116649999999999476e-01
-4.021820000000000395e-01
-3.786140000000000061e-01
-3.527739999999999765e-01
-3.678420000000000023e-01
-3.430960000000000121e-01
-3.420239999999999947e-01
-3.250359999999999916e-01
-3.127320000000000100e-01
-3.132650000000000157e-01
-3.078400000000000025e-01
-3.314449999999999896e-01
-3.497790000000000066e-01
-3.324190000000000200e-01
-3.415809999999999680e-01
-3.486239999999999895e-01
-3.495329999999999826e-01
-3.399539999999999784e-01
-3.877059999999999951e-01
-3.400429999999999842e-01
-3.708219999999999850e-01
-4.066190000000000082e-01
-4.279760000000000231e-01
-4.821229999999999682e-01
-5.480019999999999891e-01
-5.390939999999999621e-01
-4.649490000000000012e-01
-4.950319999999999721e-01
-3.951010000000000355e-01
-4.236199999999999966e-01
-4.648260000000000169e-01
-4.696879999999999944e-01
-3.763610000000000011e-01
-4.219109999999999805e-01
-4.622970000000000135e-01
-5.501890000000000391e-01
-5.077159999999999451e-01
-4.688979999999999815e-01
-4.361510000000000109e-01
-5.267770000000000508e-01
-5.043920000000000625e-01
-4.816300000000000026e-01
-4.206210000000000226e-01
-4.471169999999999867e-01
-4.554549999999999987e-01
-4.727949999999999653e-01
-4.500500000000000056e-01
-4.002679999999999572e-01
-4.091219999999999857e-01
-4.319709999999999939e-01
-4.261260000000000048e-01
-3.856100000000000083e-01
-3.874029999999999974e-01
-3.961530000000000329e-01
-4.228850000000000109e-01
-4.210390000000000521e-01
-4.081859999999999933e-01
-3.748690000000000078e-01
-3.773770000000000180e-01
-3.939690000000000136e-01
-4.056219999999999826e-01
-3.974630000000000107e-01
-4.558200000000000029e-01
-4.597449999999999593e-01
-4.474739999999999829e-01
-4.327060000000000350e-01
-4.302799999999999958e-01
-3.870480000000000032e-01
-3.773440000000000127e-01
-4.162049999999999916e-01
-4.858109999999999928e-01
-4.828879999999999839e-01
-4.631899999999999906e-01
-5.393100000000000671e-01
-5.333729999999999860e-01
-6.153430000000000843e-01
-5.945529999999999982e-01
-5.627229999999999732e-01
-5.454590000000000272e-01
-5.265699999999999825e-01
-4.917949999999999822e-01
-4.738479999999999359e-01
-4.369300000000000406e-01
-3.979340000000000099e-01
-3.477520000000000056e-01
-2.488499999999999879e-01
-1.542609999999999815e-01
-7.630099999999999383e-02
-1.562100000000000120e-02
3.956400000000000194e-02
8.409300000000000108e-02
1.223190000000000111e-01
1.569429999999999992e-01
2.026840000000000031e-01
2.253570000000000295e-01
2.488340000000000274e-01
2.808610000000000273e-01
2.849920000000000231e-01
3.228090000000000126e-01
3.674620000000000108e-01
4.012699999999999600e-01
4.225579999999999892e-01
4.460919999999999885e-01
4.716710000000000069e-01
4.929120000000000168e-01
5.156060000000000088e-01
5.385989999999999389e-01
5.611260000000000137e-01
5.880600000000000271e-01
6.139899999999999247e-01
6.391189999999999927e-01
6.654849999999999932e-01
6.845160000000000133e-01
6.931760000000000144e-01
7.126140000000000807e-01
7.174729999999999164e-01
7.372529999999999362e-01
7.245439999999999658e-01
7.686119999999999619e-01
7.620390000000000219e-01
7.708699999999999442e-01
7.769719999999999960e-01
7.675640000000000240e-01
7.861479999999999579e-01
7.603310000000000901e-01
7.887529999999999264e-01
7.861319999999999419e-01
7.986449999999999383e-01
7.971819999999999462e-01
8.262280000000000735e-01
8.299299999999999455e-01
8.120699999999999585e-01
8.329090000000000105e-01
8.221049999999999747e-01
8.279590000000000005e-01
8.046180000000000554e-01
7.764100000000000446e-01
8.240370000000001305e-01
7.740819999999999368e-01
7.445559999999999956e-01
7.655810000000000670e-01
8.286419999999999897e-01
8.605070000000000219e-01
8.622889999999999722e-01
8.782919999999999616e-01
8.815770000000000550e-01
9.119479999999999809e-01
8.822780000000001177e-01
9.068249999999999922e-01
8.912299999999999667e-01
9.070020000000000859e-01
8.924559999999999160e-01
9.050190000000000179e-01
9.057520000000000016e-01
9.336540000000000949e-01
9.417409999999999393e-01
9.578919999999999657e-01
9.578399999999999137e-01
9.791830000000000256e-01
9.851969999999999894e-01
9.868049999999999322e-01
9.710120000000000973e-01
9.894079999999999542e-01
9.919379999999998754e-01
1.009714000000000000e+00
1.019229000000000163e+00
1.043161000000000005e+00
1.013716999999999979e+00
1.029629999999999823e+00
1.041730999999999963e+00
1.051584000000000074e+00
1.049796999999999869e+00
1.056047999999999876e+00
1.084497000000000044e+00
1.100100999999999996e+00
1.104532000000000069e+00
1.113929999999999865e+00
1.089032000000000000e+00
1.103312999999999988e+00
1.146533000000000024e+00
1.143104000000000120e+00
1.168109999999999982e+00
1.176682999999999923e+00
1.162186000000000163e+00
1.157588999999999979e+00
1.189494999999999969e+00
1.179444000000000159e+00
1.215463999999999878e+00
1.200205999999999884e+00
1.201313999999999993e+00
1.256248999999999949e+00
1.273158000000000012e+00
1.266487999999999836e+00
1.232191000000000036e+00
1.233338999999999963e+00
1.257547999999999888e+00
1.286092000000000013e+00
1.314230999999999927e+00
1.333395999999999804e+00
1.333073999999999870e+00
1.355344000000000104e+00
1.371091000000000060e+00
1.365037000000000056e+00
1.385844999999999994e+00
1.399617000000000111e+00
1.407720000000000082e+00
1.412755999999999901e+00
1.430739999999999901e+00
1.438908000000000076e+00
1.446170000000000178e+00
1.464714999999999989e+00
1.456439999999999957e+00
1.460158000000000067e+00
1.481186000000000114e+00
1.479871999999999854e+00
1.490780999999999912e+00
1.510297999999999918e+00
1.526262999999999925e+00
1.545458999999999916e+00
1.563558000000000003e+00
1.575749000000000066e+00
1.594951000000000008e+00
1.616789999999999949e+00
1.639675999999999911e+00
1.654429000000000149e+00
1.669434999999999780e+00
1.685108999999999968e+00
1.702650999999999915e+00
1.724390000000000089e+00
1.743111999999999995e+00
1.752768000000000104e+00
1.778829999999999911e+00
1.812968000000000135e+00
1.846433999999999909e+00
1.837150999999999756e+00
1.845899000000000179e+00
1.864009000000000027e+00
1.882929999999999993e+00
1.909467999999999943e+00
1.929230000000000000e+00
1.940806999999999949e+00
1.960936000000000012e+00
1.982177999999999773e+00
2.005513000000000101e+00
2.035644000000000009e+00
2.046099000000000334e+00
2.055719999999999992e+00
2.078682000000000141e+00
2.094638999999999918e+00
2.106561999999999824e+00
2.114691999999999794e+00
2.119791999999999899e+00
2.132921000000000067e+00
2.151984000000000119e+00
2.166510999999999854e+00
2.186761000000000177e+00
2.210183999999999926e+00
2.235452999999999690e+00
2.258652000000000104e+00
2.280260999999999871e+00
2.299836999999999687e+00
2.334652000000000172e+00
2.367411000000000154e+00
2.394693000000000183e+00
2.416777000000000175e+00
2.462902000000000147e+00
2.497288000000000174e+00
2.539058000000000259e+00
2.552975999999999690e+00
2.557717999999999936e+00
2.571984999999999744e+00
2.597034999999999982e+00
2.636315999999999882e+00
2.642175999999999636e+00
2.666565000000000296e+00
2.724963000000000246e+00
2.710946999999999996e+00
2.733537000000000106e+00
2.761034999999999684e+00
2.784127000000000240e+00
2.803106000000000098e+00
2.804116000000000053e+00
2.795745999999999842e+00
2.840270999999999990e+00
2.846998000000000140e+00
2.896616999999999997e+00
2.877139000000000113e+00
2.891588000000000047e+00
2.912723000000000173e+00
2.958811999999999998e+00
2.946174000000000071e+00
2.939840999999999926e+00
2.994156000000000262e+00
3.006066000000000127e+00
3.003873000000000015e+00
2.999861999999999806e+00
3.001904000000000128e+00
3.008757000000000126e+00
3.013786999999999772e+00
3.034034999999999815e+00
3.057906000000000013e+00
3.079587000000000074e+00
3.101875000000000160e+00
3.131422000000000150e+00
3.159142999999999812e+00
3.173184000000000005e+00
3.202538000000000107e+00
3.215419999999999945e+00
3.220402999999999683e+00
3.259391999999999623e+00
3.272688000000000041e+00
3.290405000000000246e+00
3.329235999999999862e+00
3.388314999999999966e+00
3.358782000000000156e+00
3.371490000000000098e+00
3.385837999999999681e+00
3.380907000000000107e+00
3.410058999999999507e+00
3.445516999999999719e+00
3.458676000000000084e+00
3.501603999999999939e+00
3.527988999999999820e+00
3.562094000000000094e+00
3.589880000000000404e+00
3.617448999999999693e+00
3.640074999999999950e+00
3.637423999999999769e+00
3.624188999999999883e+00
3.725481999999999960e+00
3.758688999999999947e+00
3.794041000000000441e+00
3.819296000000000024e+00
3.845880000000000187e+00
3.877501999999999782e+00
3.875137000000000054e+00
3.864809999999999857e+00
3.868177999999999894e+00
3.897543000000000202e+00
3.956679000000000279e+00
4.042341999999999658e+00
4.124937999999999327e+00
4.152000000000000135e+00
4.182033000000000555e+00
4.269467999999999819e+00
4.262297000000000224e+00
4.317248000000000197e+00
4.386028999999999733e+00
4.472221000000000224e+00
4.596394000000000091e+00
4.642758999999999858e+00
4.720669000000000004e+00
4.668408999999999587e+00
4.683502999999999972e+00
4.647624999999999673e+00
4.985587000000000657e+00
5.009182000000000023e+00
4.943626999999999327e+00
4.907826000000000022e+00
5.031591999999999842e+00
5.112207999999999863e+00
5.190373000000000125e+00
5.236896999999999913e+00
5.466438000000000130e+00
5.497997999999999941e+00
5.568781999999999677e+00
5.650665000000000049e+00
5.924560999999999744e+00
6.107549999999999812e+00
6.269525999999999932e+00
6.306591000000000058e+00
6.391195999999999877e+00
6.451934999999999754e+00
6.399213999999999736e+00
6.454480999999999469e+00
6.461778999999999940e+00
6.529980000000000118e+00
6.553512000000000448e+00
6.632257000000000957e+00
6.753671000000000646e+00
6.812024000000000967e+00
6.754894999999999428e+00
6.980583999999999456e+00
7.118892999999999027e+00
7.088691999999999993e+00
7.011732000000000298e+00
7.001077000000000439e+00
6.990781000000000134e+00
7.033602000000000132e+00
7.261963000000000612e+00
7.474872000000000405e+00
