-2.052082840235788019e+00
-2.004499999997141568e+00
-1.956738095238008679e+00
-1.946625000000580918e+00
-1.865583333333265870e+00
-1.808191082802311778e+00
-1.734587412587181854e+00
-1.676931297708672108e+00
-1.625540540539807122e+00
-1.613342465753992760e+00
-1.596178082192092118e+00
-1.597838709677080082e+00
-1.612133333331263740e+00
-1.619941176470709232e+00
-1.635664835166400932e+00
-1.631065217392353217e+00
-1.600754601226944462e+00
-1.593545454543209505e+00
-1.545223255811565943e+00
-1.550918032786817502e+00
-1.563212264150621644e+00
-1.553923076924041302e+00
-1.577130434782333612e+00
-1.560129032259018667e+00
-1.533533333333462645e+00
-1.526302469131948891e+00
-1.521959064327583988e+00
-1.508742138365503749e+00
-1.475436363634843540e+00
-1.424756410256343253e+00
-1.380496815288420054e+00
-1.326932432431786824e+00
-1.298155844155328698e+00
-1.257000000000000117e+00
-1.234415584415532896e+00
-1.198060402685074965e+00
-1.183000000000000052e+00
-1.159653594771127505e+00
-1.138707006370166974e+00
-1.098073619632541575e+00
-1.059559523809501247e+00
-1.033518518518052653e+00
-1.008000000000000007e+00
-9.702830188660181987e-01
-9.536711409400693285e-01
-9.339746835438373918e-01
-8.946438356162854655e-01
-8.599999999999999867e-01
-8.269523809513061874e-01
-8.002244897960476555e-01
-7.712554744525486061e-01
-7.432086330936005236e-01
-7.067092198579744133e-01
-6.889562043800272484e-01
-6.523529411777545528e-01
-6.430000000000000160e-01
-6.079999999999999849e-01
-5.840000000017638859e-01
-5.352380952381062817e-01
-5.160624999993320694e-01
-4.879999999999999893e-01
-4.693255813968599255e-01
-4.272204724409123799e-01
-4.083931034484308831e-01
-3.761679389308398291e-01
-3.520277777772724548e-01
-3.284014598543387176e-01
-3.536940298451640707e-01
-3.345725806450818296e-01
-3.444566929130501998e-01
-3.410080000185408133e-01
-3.932307692335246241e-01
-3.801680672270387196e-01
-3.923533834579210344e-01
-4.139435483860765541e-01
-4.234480000017210588e-01
-4.281395348867221284e-01
-4.550538461525959200e-01
-4.754846153856762681e-01
-4.651428571429759296e-01
-4.830642857142277702e-01
-5.310000000000000275e-01
-5.849597315440645540e-01
-5.949999999999999734e-01
-6.058609271528284657e-01
-6.195827814570238345e-01
-5.775584415570671482e-01
-5.706330935222652112e-01
-4.878679245256771213e-01
-5.518903225805046331e-01
-5.304523809510651722e-01
-4.958846153841633408e-01
-3.081019999999999870e-01
-2.741352247188708069e-01
-2.540113483143962014e-01
-2.338874719099215405e-01
-2.137635955054468795e-01
-1.936397191009722740e-01
-1.735158426964976131e-01
-1.533919662920229798e-01
-1.332680898875483466e-01
-1.131442134830736856e-01
-9.302033707859905243e-02
-7.289646067412441921e-02
-5.277258426964978599e-02
-3.264870786517512502e-02
-1.252483146070049180e-02
7.599044943774169170e-03
2.772292134824877463e-02
4.784679775272343560e-02
6.797067415719804107e-02
8.309400000000000119e-02
1.173049999999999926e-01
1.188640000000000113e-01
1.740859999999999908e-01
1.698079999999999867e-01
1.743270000000000097e-01
2.160320000000000296e-01
2.317300000000000193e-01
2.719659999999999855e-01
2.583070000000000088e-01
2.542760000000000020e-01
3.077150000000000163e-01
3.281429999999999625e-01
3.505860000000000087e-01
3.547239999999999838e-01
3.752989999999999937e-01
4.030119999999999814e-01
4.154079999999999995e-01
3.934090000000000087e-01
4.274239999999999706e-01
4.302359999999999518e-01
3.922499999999999876e-01
3.783170000000000144e-01
3.915280000000000427e-01
3.613830000000000098e-01
2.826420000000000043e-01
1.842660000000000131e-01
9.331399999999999417e-02
2.068799999999999806e-02
5.648400000000000643e-02
2.795299999999999868e-02
4.716499999999999859e-02
1.098309999999999981e-01
1.232809999999999878e-01
9.991300000000000181e-02
1.253380000000000050e-01
1.748240000000000072e-01
2.243099999999999816e-01
2.737959999999999838e-01
3.057843333333333802e-01
3.410179999999999878e-01
3.862809999999999855e-01
3.859579999999999678e-01
4.237600000000000255e-01
4.606970000000000232e-01
4.810189999999999744e-01
4.726970000000000338e-01
4.890160000000000062e-01
5.186720000000000219e-01
5.080649999999999888e-01
5.391600000000000836e-01
5.541139999999999954e-01
5.491699999999999360e-01
5.734879999999999978e-01
5.939429999999999987e-01
5.753300000000000081e-01
5.818320000000000158e-01
5.931060000000000221e-01
6.219279999999999253e-01
5.830549999999999899e-01
5.580789999999999917e-01
5.993069999999999231e-01
6.273210000000000175e-01
6.429099999999999815e-01
6.657790000000000097e-01
6.573959999999999804e-01
6.693390000000000173e-01
6.751249999999999751e-01
6.785399999999999210e-01
6.926299999999999679e-01
6.991189999999999349e-01
6.978189999999999671e-01
7.137000000000000011e-01
7.419130000000000447e-01
7.546159999999999535e-01
7.728760000000000074e-01
7.583710000000000173e-01
7.882810000000000095e-01
8.132930000000000437e-01
8.320360000000001088e-01
8.453770000000000451e-01
8.561830000000000274e-01
8.616219999999998880e-01
8.664129999999998777e-01
8.707360000000000655e-01
8.770389999999999020e-01
8.863479999999999137e-01
9.047920000000000407e-01
9.322690000000000143e-01
9.648120000000001140e-01
9.688399999999999235e-01
9.709629999999999095e-01
9.733910000000000062e-01
9.834180000000000144e-01
9.941600000000000437e-01
9.869940000000000380e-01
9.925829999999999931e-01
1.013373999999999997e+00
1.037236000000000047e+00
1.061404000000000014e+00
1.083660999999999985e+00
1.095209000000000099e+00
1.093434999999999935e+00
1.097784000000000093e+00
1.103244000000000113e+00
1.092267000000000099e+00
1.086649999999999894e+00
1.096000000000000085e+00
1.115970000000000129e+00
1.143744000000000094e+00
1.150778999999999996e+00
1.156317000000000039e+00
1.165838999999999848e+00
1.173983999999999916e+00
1.181041999999999925e+00
1.184668000000000054e+00
1.184725000000000028e+00
1.175342000000000109e+00
1.196403000000000105e+00
1.233914999999999873e+00
1.256307999999999980e+00
1.273743999999999987e+00
1.277245999999999881e+00
1.276656000000000013e+00
1.271954000000000029e+00
1.272746999999999851e+00
1.275241999999999987e+00
1.287835000000000063e+00
1.302821000000000007e+00
1.323676000000000075e+00
1.339258000000000060e+00
1.349654999999999827e+00
1.332306999999999908e+00
1.309088000000000029e+00
1.315694000000000141e+00
1.324386999999999981e+00
1.336428000000000171e+00
1.358253000000000155e+00
1.385603000000000140e+00
1.401709000000000094e+00
1.415954999999999853e+00
1.427470999999999934e+00
1.433495999999999881e+00
1.437070000000000070e+00
1.440219000000000138e+00
1.443070000000000075e+00
1.445521999999999974e+00
1.433811000000000169e+00
1.422911000000000037e+00
1.427254999999999940e+00
1.449076999999999948e+00
1.459012999999999893e+00
1.476604999999999945e+00
1.439186999999999994e+00
1.449853000000000058e+00
1.462453000000000003e+00
1.475095999999999963e+00
1.457074999999999898e+00
1.486677000000000026e+00
1.480534999999999934e+00
1.483288999999999858e+00
1.450274000000000063e+00
1.485704000000000136e+00
1.485001999999999933e+00
1.467365000000000030e+00
1.479388999999999843e+00
1.472002000000000033e+00
1.465686000000000044e+00
1.475773999999999919e+00
1.494164999999999965e+00
1.446623999999999910e+00
1.453829321586022516e+00
1.474552537445042777e+00
1.495275753304063038e+00
1.515998969163083299e+00
1.536722185022103560e+00
1.557445400881123598e+00
1.578168616740143859e+00
1.598891832599164120e+00
1.619615048458184381e+00
1.640338264317204420e+00
1.661061480176224681e+00
1.681784696035244941e+00
1.702507911894265202e+00
1.723231127753285463e+00
1.743954343612305502e+00
1.764677559471325763e+00
1.785400775330346024e+00
1.806123991189366285e+00
1.826847207048386323e+00
1.847570422907406584e+00
1.868293638766426845e+00
1.889016854625447106e+00
1.909740070484467367e+00
1.929033999999999915e+00
1.962899000000000171e+00
1.986470000000000180e+00
2.010364000000000040e+00
2.031327000000000105e+00
2.063433999999999990e+00
2.086986999999999703e+00
2.113199000000000272e+00
2.134688000000000141e+00
2.164838000000000040e+00
2.194145000000000234e+00
2.237484999999999946e+00
2.260324000000000222e+00
2.276390000000000136e+00
2.323881999999999781e+00
2.338627999999999929e+00
2.363323999999999980e+00
2.406079000000000079e+00
2.418036999999999992e+00
2.432904999999999873e+00
2.453148000000000106e+00
2.493466999999999878e+00
2.492370000000000196e+00
2.516306999999999849e+00
2.564274999999999860e+00
2.583166999999999991e+00
2.594452999999999676e+00
2.617186000000000234e+00
2.638002999999999876e+00
2.656268999999999991e+00
2.669322000000000195e+00
2.706941000000000042e+00
2.740718000000000210e+00
2.741983000000000281e+00
2.735570000000000057e+00
2.762549000000000365e+00
2.775341999999999754e+00
2.776241999999999877e+00
2.792011999999999716e+00
2.809654999999999792e+00
2.836476999999999915e+00
2.864711000000000229e+00
2.877597999999999878e+00
2.890460000000000029e+00
2.903812999999999978e+00
2.924615999999999882e+00
2.937380000000000102e+00
2.942280999999999924e+00
2.952353000000000005e+00
2.996151999999999926e+00
2.962934000000000179e+00
2.997752000000000194e+00
3.063075999999999688e+00
3.045646000000000075e+00
3.017059999999999853e+00
3.064636000000000138e+00
3.074123000000000161e+00
3.107086000000000237e+00
3.157194000000000056e+00
3.162082999999999977e+00
3.186468000000000078e+00
3.226790999999999965e+00
3.252797999999999856e+00
3.301072000000000006e+00
3.396108999999999600e+00
3.366005000000000358e+00
3.362740000000000062e+00
3.408883999999999581e+00
3.368826000000000320e+00
3.397069999999999812e+00
3.432280000000000442e+00
3.472883937499863460e+00
3.497248312499869893e+00
3.521612687499876326e+00
3.545977062499882759e+00
3.570341437499888748e+00
3.594705812499895181e+00
3.619070187499901614e+00
3.643434562499908047e+00
3.667798937499914480e+00
3.692163312499920913e+00
3.716527687499926902e+00
3.740892062499933335e+00
3.765256437499939768e+00
3.789620812499946201e+00
3.813985187499952190e+00
3.838349562499958623e+00
3.862713937499965056e+00
3.887078312499971489e+00
3.911442687499977922e+00
3.935807062499984355e+00
3.960171437499990343e+00
3.984535812499996776e+00
4.025646000000000058e+00
4.078656999999999755e+00
4.085433999999999344e+00
4.157593000000000316e+00
4.251171000000000255e+00
4.247412000000000631e+00
4.309566999999999481e+00
4.367383999999999489e+00
4.442325000000000301e+00
4.481269000000000169e+00
4.508099999999999774e+00
4.675735999999999670e+00
4.647359999999999935e+00
4.678372000000000419e+00
4.633935000000000137e+00
4.713125999999999927e+00
4.794745999999999952e+00
4.876364999999999839e+00
4.957983999999999725e+00
4.980794999999999639e+00
5.066783000000000037e+00
5.162241999999999997e+00
5.201467000000000063e+00
5.201467000000000063e+00
5.201467000000000063e+00
5.201467000000000063e+00
5.201467000000000063e+00
5.201467000000000063e+00
5.201467000000000063e+00
5.201467000000000063e+00
5.201467000000000063e+00
5.201467000000000063e+00
5.201467000000000063e+00
5.201467000000000063e+00
5.201467000000000063e+00
5.201467000000000063e+00
5.201467000000000063e+00
5.201467000000000063e+00
5.201467000000000063e+00
5.201467000000000063e+00
5.201467000000000063e+00
5.201467000000000063e+00
5.201467000000000063e+00
5.201467000000000063e+00
5.201467000000000063e+00
5.201467000000000063e+00
5.201467000000000063e+00
5.201467000000000063e+00
5.201467000000000063e+00
5.201467000000000063e+00
5.201467000000000063e+00
5.201467000000000063e+00
