-2.052082840235788019e+00
-2.004499999997141568e+00
-1.956738095238008679e+00
-1.946625000000580918e+00
-1.865583333333265870e+00
-1.808191082802311778e+00
-1.734587412587181854e+00
-1.676931297708672108e+00
-1.625540540539807122e+00
-1.613342465753992760e+00
-1.596178082192092118e+00
-1.597838709677080082e+00
-1.612133333331263740e+00
-1.619941176470709232e+00
-1.635664835166400932e+00
-1.631065217392353217e+00
-1.600754601226944462e+00
-1.593545454543209505e+00
-1.545223255811565943e+00
-1.550918032786817502e+00
-1.563212264150621644e+00
-1.553923076924041302e+00
-1.577130434782333612e+00
-1.560129032259018667e+00
-1.533533333333462645e+00
-1.526302469131948891e+00
-1.521959064327583988e+00
-1.508742138365503749e+00
-1.475436363634843540e+00
-1.424756410256343253e+00
-1.380496815288420054e+00
-1.326932432431786824e+00
-1.298155844155328698e+00
-1.257000000000000117e+00
-1.234415584415532896e+00
-1.198060402685074965e+00
-1.183000000000000052e+00
-1.159653594771127505e+00
-1.138707006370166974e+00
-1.098073619632541575e+00
-1.059559523809501247e+00
-1.033518518518052653e+00
-1.008000000000000007e+00
-9.702830188660181987e-01
-9.536711409400693285e-01
-9.339746835438373918e-01
-8.946438356162854655e-01
-8.599999999999999867e-01
-8.269523809513061874e-01
-8.002244897960476555e-01
-7.712554744525486061e-01
-7.432086330936005236e-01
-7.067092198579744133e-01
-6.255410000000000137e-01
-5.907560000000000588e-01
-5.659340000000000481e-01
-5.686180000000000678e-01
-5.364409999999999457e-01
-4.861680000000000446e-01
-5.047530000000000072e-01
-4.757680000000000242e-01
-4.382079999999999864e-01
-4.402119999999999922e-01
-3.955569999999999919e-01
-3.947920000000000318e-01
-3.920669999999999988e-01
-3.710309999999999997e-01
-3.683690000000000020e-01
-3.695070000000000299e-01
-3.345980000000000065e-01
-3.535090000000000177e-01
-3.564120000000000066e-01
-3.851880000000000304e-01
-3.939449999999999896e-01
-3.491159999999999819e-01
-3.759399999999999964e-01
-4.505250000000000088e-01
-5.155619999999999647e-01
-4.139520000000000421e-01
-4.749399999999999733e-01
-5.886740000000000306e-01
-5.338060000000000027e-01
-4.561760000000000259e-01
-5.505600000000000493e-01
-5.648300000000000542e-01
-5.487189999999999568e-01
-5.667609999999999593e-01
-6.218199999999999283e-01
-4.845479999999999787e-01
-5.071799999999999642e-01
-5.869670000000000165e-01
-4.941890000000000449e-01
-4.467200000000000060e-01
-5.158139999999999947e-01
-4.228419999999999956e-01
-4.169289999999999941e-01
-4.114760000000000084e-01
-4.452920000000000211e-01
-5.305370000000000363e-01
-3.808480000000000198e-01
-4.538090000000000179e-01
-4.096380000000000021e-01
-4.829239999999999644e-01
-4.218620000000000148e-01
-4.364790000000000059e-01
-5.036890000000000533e-01
-4.801020000000000287e-01
-5.038789999999999658e-01
-4.828580000000000094e-01
-5.551760000000000028e-01
-5.318159999999999554e-01
-5.638140000000000374e-01
-4.797859999999999903e-01
-4.900319999999999676e-01
-5.614630000000000454e-01
-5.601260000000000128e-01
-5.219470000000000498e-01
-4.101329999999999698e-01
-4.402159999999999962e-01
-4.123080000000000078e-01
-4.161960000000000104e-01
-4.199930000000000052e-01
-4.207939999999999459e-01
-4.231210000000000249e-01
-4.200369999999999937e-01
-4.485300000000000398e-01
-5.125579999999999581e-01
-4.738819999999999699e-01
-5.218049999999999633e-01
-5.290739999999999332e-01
-5.254659999999999886e-01
-5.836759999999999726e-01
-5.773530000000000051e-01
-5.733209999999999695e-01
-6.202199999999999935e-01
-5.834500000000000242e-01
-6.095920000000000227e-01
-6.945430000000000215e-01
-6.341790000000000482e-01
-5.613920000000000021e-01
-6.098930000000000184e-01
-4.670909999999999784e-01
-3.671090000000000186e-01
-3.055670000000000330e-01
-2.099760000000000237e-01
-1.298130000000000117e-01
-1.218380000000000157e-01
-6.488900000000000223e-02
-2.747499999999999942e-02
-1.619999999999999912e-03
3.246800000000000380e-02
5.106299999999999728e-02
7.587599999999999900e-02
1.164749999999999952e-01
1.641610000000000014e-01
1.949309999999999932e-01
2.455280000000000240e-01
2.522449999999999970e-01
2.892489999999999783e-01
2.703010000000000135e-01
3.268039999999999834e-01
3.661229999999999762e-01
4.016929999999999668e-01
4.165710000000000246e-01
4.360979999999999301e-01
4.899560000000000581e-01
5.083199999999999941e-01
5.414909999999999446e-01
5.913920000000000288e-01
6.090459999999999763e-01
6.205689999999999262e-01
6.499229999999999174e-01
6.637549999999999839e-01
6.725079999999999947e-01
6.968590000000000062e-01
7.477199999999999402e-01
7.684710000000000152e-01
8.173739999999999339e-01
8.457919999999999883e-01
8.492450000000000276e-01
8.916540000000000576e-01
9.064250000000000362e-01
9.285740000000000105e-01
9.321959999999999136e-01
9.463530000000001108e-01
9.295329999999999426e-01
9.331559999999999855e-01
9.234329999999999483e-01
9.127089999999999925e-01
9.199639999999998929e-01
8.823260000000000547e-01
8.409379999999999633e-01
8.400739999999999874e-01
7.803100000000000591e-01
7.583919999999999551e-01
8.230250000000000066e-01
7.871979999999999533e-01
8.467200000000000282e-01
8.500940000000000163e-01
8.228069999999999551e-01
8.424940000000000762e-01
8.452549999999999786e-01
8.320780000000000953e-01
8.774100000000000232e-01
8.814610000000000500e-01
8.690760000000000707e-01
8.856809999999999405e-01
9.514989999999999837e-01
8.501200000000000978e-01
8.632950000000000346e-01
8.744399999999999951e-01
9.051790000000000669e-01
9.232600000000000806e-01
9.192100000000000826e-01
9.255320000000000213e-01
9.588250000000000384e-01
9.635420000000000096e-01
9.745850000000000346e-01
9.458929999999999838e-01
9.475950000000000761e-01
1.006244000000000138e+00
1.009967000000000059e+00
9.780299999999999550e-01
1.011160999999999976e+00
1.001194000000000139e+00
1.063855999999999913e+00
1.036344000000000154e+00
9.921370000000000466e-01
1.041020999999999974e+00
1.053321999999999870e+00
1.077287000000000106e+00
1.074958999999999998e+00
1.082230000000000025e+00
1.068721999999999950e+00
1.096661000000000108e+00
1.088306999999999913e+00
1.130366999999999900e+00
1.088459000000000065e+00
1.111682999999999977e+00
1.135256000000000043e+00
1.162021999999999888e+00
1.148816999999999977e+00
1.150304999999999911e+00
1.165824999999999889e+00
1.187477000000000116e+00
1.180984000000000034e+00
1.192388000000000003e+00
1.234273999999999871e+00
1.218029999999999946e+00
1.220318000000000014e+00
1.219408000000000047e+00
1.267625999999999920e+00
1.259050000000000002e+00
1.254532999999999898e+00
1.273217999999999961e+00
1.288399000000000072e+00
1.282340999999999953e+00
1.290559999999999929e+00
1.326006999999999936e+00
1.342361000000000137e+00
1.311425000000000063e+00
1.299682999999999922e+00
1.357045999999999975e+00
1.349399999999999933e+00
1.373477999999999977e+00
1.384943999999999953e+00
1.395807999999999938e+00
1.389334000000000069e+00
1.398268999999999984e+00
1.420814000000000021e+00
1.427278000000000047e+00
1.447235999999999967e+00
1.468619000000000119e+00
1.477498999999999896e+00
1.480152000000000134e+00
1.502399999999999958e+00
1.515633000000000008e+00
1.544264999999999999e+00
1.566270999999999969e+00
1.573420999999999959e+00
1.594045999999999852e+00
1.620647999999999866e+00
1.638235000000000108e+00
1.647000999999999937e+00
1.651697999999999888e+00
1.678291999999999895e+00
1.705979999999999830e+00
1.713172000000000139e+00
1.706145999999999940e+00
1.716118999999999950e+00
1.730361999999999956e+00
1.777309999999999945e+00
1.774322999999999873e+00
1.803888999999999854e+00
1.814742999999999995e+00
1.835590000000000055e+00
1.874238999999999988e+00
1.896897999999999973e+00
1.902975999999999779e+00
1.886595999999999940e+00
1.884125000000000050e+00
1.907600999999999880e+00
1.944223000000000035e+00
1.975138000000000060e+00
1.989045000000000174e+00
2.012302000000000035e+00
2.044620000000000104e+00
2.079890000000000239e+00
2.086130999999999958e+00
2.103720999999999730e+00
2.126193999999999917e+00
2.143475999999999715e+00
2.170314999999999994e+00
2.185195000000000221e+00
2.192026999999999948e+00
2.199523000000000117e+00
2.222302999999999695e+00
2.238147000000000109e+00
2.253803000000000001e+00
2.275338999999999778e+00
2.314168999999999699e+00
2.352766999999999609e+00
2.387991999999999670e+00
2.417190999999999867e+00
2.444036999999999793e+00
2.470909999999999940e+00
2.498765999999999821e+00
2.521742999999999846e+00
2.541255000000000042e+00
2.553976000000000024e+00
2.576820999999999806e+00
2.606843999999999717e+00
2.629433000000000131e+00
2.656353999999999882e+00
2.691715000000000302e+00
2.700455999999999968e+00
2.730773000000000117e+00
2.766491999999999951e+00
2.766822000000000337e+00
2.758859999999999868e+00
2.809665999999999997e+00
2.804879000000000122e+00
2.785217999999999972e+00
2.836843999999999699e+00
2.806150999999999840e+00
2.836381000000000263e+00
2.854143999999999792e+00
2.877915999999999919e+00
2.882120000000000015e+00
2.932141999999999804e+00
2.920240000000000169e+00
2.903572999999999737e+00
2.942960999999999938e+00
2.971713000000000271e+00
2.943891999999999953e+00
2.991324999999999790e+00
3.025873999999999953e+00
3.004694999999999894e+00
3.009061999999999681e+00
3.051340999999999859e+00
3.063979999999999926e+00
3.053049000000000124e+00
3.103720999999999730e+00
3.091210999999999931e+00
3.142199000000000186e+00
3.161674000000000095e+00
3.159891000000000005e+00
3.187125999999999681e+00
3.231050000000000200e+00
3.274024000000000267e+00
3.304516999999999705e+00
3.297262999999999611e+00
3.310868000000000144e+00
3.318651000000000018e+00
3.304494999999999738e+00
3.378330999999999751e+00
3.376093000000000011e+00
3.379449999999999843e+00
3.413591000000000264e+00
3.446829000000000143e+00
3.453887999999999625e+00
3.480298999999999587e+00
3.488537000000000443e+00
3.527315000000000200e+00
3.581338999999999828e+00
3.619819999999999816e+00
3.603426999999999492e+00
3.627210999999999963e+00
3.636511000000000049e+00
3.647768000000000121e+00
3.786658999999999775e+00
3.803276999999999575e+00
3.811960000000000015e+00
3.822773999999999894e+00
3.826397000000000048e+00
3.855351999999999890e+00
3.867402999999999924e+00
3.923872000000000249e+00
3.993187999999999960e+00
4.054711000000000176e+00
4.088859999999999495e+00
4.070068000000000019e+00
4.130785999999999625e+00
4.195362000000000258e+00
4.239980999999999334e+00
4.267730000000000246e+00
4.387299999999999756e+00
4.516607999999999734e+00
4.585986000000000118e+00
4.633639999999999759e+00
4.659329000000000498e+00
4.632038999999999795e+00
4.658447999999999922e+00
4.658447999999999922e+00
4.658447999999999922e+00
4.658447999999999922e+00
4.658447999999999922e+00
4.658447999999999922e+00
4.658447999999999922e+00
4.658447999999999922e+00
4.658447999999999922e+00
4.658447999999999922e+00
4.658447999999999922e+00
4.658447999999999922e+00
4.658447999999999922e+00
4.658447999999999922e+00
4.658447999999999922e+00
4.658447999999999922e+00
4.658447999999999922e+00
4.658447999999999922e+00
4.658447999999999922e+00
4.658447999999999922e+00
4.658447999999999922e+00
4.658447999999999922e+00
4.658447999999999922e+00
4.658447999999999922e+00
4.658447999999999922e+00
4.658447999999999922e+00
4.658447999999999922e+00
4.658447999999999922e+00
4.658447999999999922e+00
4.658447999999999922e+00
4.658447999999999922e+00
4.658447999999999922e+00
4.658447999999999922e+00
4.658447999999999922e+00
4.658447999999999922e+00
4.658447999999999922e+00
4.658447999999999922e+00
4.658447999999999922e+00
