-2.052082840235788019e+00
-2.004499999997141568e+00
-1.956738095238008679e+00
-1.946625000000580918e+00
-1.865583333333265870e+00
-1.808191082802311778e+00
-1.734587412587181854e+00
-1.676931297708672108e+00
-1.625540540539807122e+00
-1.613342465753992760e+00
-1.596178082192092118e+00
-1.597838709677080082e+00
-1.612133333331263740e+00
-1.619941176470709232e+00
-1.635664835166400932e+00
-1.631065217392353217e+00
-1.600754601226944462e+00
-1.593545454543209505e+00
-1.545223255811565943e+00
-1.550918032786817502e+00
-1.563212264150621644e+00
-1.553923076924041302e+00
-1.577130434782333612e+00
-1.560129032259018667e+00
-1.533533333333462645e+00
-1.526302469131948891e+00
-1.521959064327583988e+00
-1.508742138365503749e+00
-1.475436363634843540e+00
-1.424756410256343253e+00
-1.380496815288420054e+00
-1.326932432431786824e+00
-1.298155844155328698e+00
-1.257000000000000117e+00
-1.234415584415532896e+00
-1.198060402685074965e+00
-1.183000000000000052e+00
-1.159653594771127505e+00
-1.138707006370166974e+00
-1.098073619632541575e+00
-1.059559523809501247e+00
-1.033518518518052653e+00
-1.008000000000000007e+00
-9.702830188660181987e-01
-9.536711409400693285e-01
-9.339746835438373918e-01
-8.946438356162854655e-01
-8.599999999999999867e-01
-8.269523809513061874e-01
-8.002244897960476555e-01
-7.712554744525486061e-01
-7.432086330936005236e-01
-7.067092198579744133e-01
-6.889562043800272484e-01
-6.523529411777545528e-01
-6.430000000000000160e-01
-6.079999999999999849e-01
-5.840000000017638859e-01
-5.352380952381062817e-01
-5.160624999993320694e-01
-4.879999999999999893e-01
-4.693255813968599255e-01
-4.272204724409123799e-01
-4.083931034484308831e-01
-3.761679389308398291e-01
-3.520277777772724548e-01
-3.284014598543387176e-01
-3.536940298451640707e-01
-3.345725806450818296e-01
-3.444566929130501998e-01
-3.410080000185408133e-01
-3.932307692335246241e-01
-3.801680672270387196e-01
-3.923533834579210344e-01
-4.139435483860765541e-01
-4.234480000017210588e-01
-4.281395348867221284e-01
-4.550538461525959200e-01
-4.754846153856762681e-01
-4.651428571429759296e-01
-4.830642857142277702e-01
-5.310000000000000275e-01
-5.849597315440645540e-01
-5.949999999999999734e-01
-6.058609271528284657e-01
-6.195827814570238345e-01
-5.775584415570671482e-01
-5.706330935222652112e-01
-4.878679245256771213e-01
-5.518903225805046331e-01
-5.304523809510651722e-01
-4.958846153841633408e-01
-5.250800000003104095e-01
-5.430674157286285997e-01
-5.850551724138083332e-01
-6.127818181813435849e-01
-5.211923076930611298e-01
-5.363928571426219705e-01
-5.457321428569480437e-01
-5.902696629217525359e-01
-5.653488372095857306e-01
-5.359268292674876921e-01
-5.473850931656527585e-01
-5.847966101691653984e-01
-5.155345911947843973e-01
-5.442250000001319643e-01
-5.402474011918833030e-01
-5.364260174768542555e-01
-5.326046337618250970e-01
-5.287832500467960495e-01
-5.249618663317670020e-01
-5.211404826167378435e-01
-5.173190989017087960e-01
-5.134977151866797485e-01
-5.096763314716507010e-01
-5.058549477566215424e-01
-5.020335640415924949e-01
-4.982121803265633919e-01
-4.943907966115343444e-01
-4.905694128965052414e-01
-4.867480291814761939e-01
-4.829266454664470909e-01
-4.791052617514179879e-01
-4.752838780363889404e-01
-4.714624943213598374e-01
-4.676411106063307899e-01
-4.638197268913016869e-01
-4.599983431762726394e-01
-4.561769594612435363e-01
-4.523555757462144333e-01
-4.485341920311853858e-01
-4.447128083161562828e-01
-4.408914246011271798e-01
-4.370700408860981323e-01
-4.332486571710690293e-01
-4.294272734560399818e-01
-4.256058897410108788e-01
-4.217845060259818313e-01
-4.179631223109527283e-01
-4.141417385959236253e-01
-4.103203548808945778e-01
-4.064989711658654747e-01
-4.026775874508363717e-01
-3.758623853203978959e-01
-3.116494845355627930e-01
-2.243602484486629245e-01
-2.000645161302133934e-01
-1.080008573210871764e-01
-9.895496284716907842e-02
-8.990906837325098044e-02
-8.086317389933286859e-02
-7.181727942541477061e-02
-6.277138495149667263e-02
-5.372549047757856078e-02
-4.467959600366046280e-02
-3.563370152974235094e-02
-2.658780705582425297e-02
-1.754191258190615499e-02
-8.496018107988043133e-03
5.498763659300548445e-04
9.595770839848152822e-03
1.864166531376625080e-02
2.768755978768437653e-02
3.673345426160247451e-02
4.577934873552057249e-02
5.482524320943867047e-02
6.387113768335676844e-02
7.291703215727489418e-02
8.196292663119299216e-02
9.100882110511109013e-02
2.147400000000000142e-01
3.032250000000000223e-01
3.465340000000000087e-01
3.809730000000000061e-01
4.018150000000000333e-01
4.506819999999999715e-01
4.900729999999999809e-01
5.048030000000000017e-01
5.188450000000000006e-01
5.461880000000000068e-01
5.709279999999999911e-01
5.902450000000000196e-01
6.541630000000000500e-01
6.345689999999999387e-01
6.846899999999999098e-01
6.913699999999999291e-01
7.323979999999999935e-01
7.660430000000000295e-01
7.764459999999999695e-01
8.060640000000000027e-01
8.424580000000000402e-01
8.704319999999999835e-01
9.029010000000000646e-01
9.436530000000000751e-01
9.635520000000000751e-01
9.641530000000000378e-01
9.633909999999999973e-01
9.907930000000000348e-01
1.032337999999999978e+00
1.064379999999999882e+00
1.089484000000000119e+00
1.115229000000000026e+00
1.119750999999999941e+00
1.118551000000000073e+00
1.123712999999999962e+00
1.148582999999999910e+00
1.166892000000000040e+00
1.182814000000000032e+00
1.203542000000000112e+00
1.236712999999999951e+00
1.236005999999999938e+00
1.237965999999999900e+00
1.241848000000000063e+00
1.230020000000000113e+00
1.246827000000000130e+00
1.269384999999999986e+00
1.292962000000000167e+00
1.322059000000000095e+00
1.344600999999999935e+00
1.363437999999999928e+00
1.377377999999999991e+00
1.373005999999999949e+00
1.380109000000000030e+00
1.396590999999999916e+00
1.420244000000000062e+00
1.439170000000000060e+00
1.438876999999999962e+00
1.427053000000000127e+00
1.405988999999999933e+00
1.378082999999999947e+00
1.380871999999999877e+00
1.396215999999999902e+00
1.415129999999999999e+00
1.425548000000000037e+00
1.421832999999999902e+00
1.408643000000000089e+00
1.388028000000000040e+00
1.372120999999999924e+00
1.373603000000000129e+00
1.370669000000000137e+00
1.337262000000000173e+00
1.319362999999999841e+00
1.179760000000000142e+00
1.110492999999999952e+00
1.111660000000000093e+00
1.193060000000000009e+00
1.045074999999999976e+00
1.069925999999999933e+00
1.161127000000000020e+00
1.234296999999999978e+00
1.257805999999999980e+00
1.258620999999999990e+00
1.307074000000000069e+00
1.296057999999999932e+00
1.271802000000000099e+00
1.264212999999999809e+00
1.264774999999999983e+00
1.280345999999999984e+00
1.302020000000000177e+00
1.322826000000000057e+00
1.345841999999999983e+00
1.367778000000000160e+00
1.375069000000000097e+00
1.347272999999999943e+00
1.329166000000000070e+00
1.331566000000000027e+00
1.346713999999999967e+00
1.357929000000000164e+00
1.379261000000000070e+00
1.386455999999999911e+00
1.388300000000000090e+00
1.411462999999999912e+00
1.418104999999999949e+00
1.418242999999999920e+00
1.419536000000000131e+00
1.457455999999999863e+00
1.486588000000000021e+00
1.505058000000000007e+00
1.512254999999999905e+00
1.516656999999999922e+00
1.519021999999999872e+00
1.518242000000000091e+00
1.513579999999999925e+00
1.523537000000000141e+00
1.546375999999999973e+00
1.573262000000000160e+00
1.596427000000000040e+00
1.625529000000000002e+00
1.644606999999999930e+00
1.662816000000000072e+00
1.688181000000000154e+00
1.694724000000000119e+00
1.709299000000000124e+00
1.728663000000000061e+00
1.745630000000000015e+00
1.782688000000000050e+00
1.823543999999999832e+00
1.865266999999999786e+00
1.905897000000000174e+00
1.923443999999999932e+00
1.942270999999999859e+00
1.967886999999999942e+00
1.972036999999999818e+00
1.985275999999999819e+00
2.009717999999999893e+00
2.049109000000000069e+00
2.095148000000000010e+00
2.134891000000000094e+00
2.165712000000000081e+00
2.181970999999999883e+00
2.212798999999999960e+00
2.245102999999999849e+00
2.272679000000000116e+00
2.275354999999999794e+00
2.313784999999999759e+00
2.355256999999999934e+00
2.378747000000000167e+00
2.404187999999999992e+00
2.421866999999999770e+00
2.451257000000000019e+00
2.461435999999999957e+00
2.488595999999999808e+00
2.502167000000000030e+00
2.510104000000000113e+00
2.519549000000000039e+00
2.527299999999999880e+00
2.536920999999999982e+00
2.565093000000000067e+00
2.605850000000000222e+00
2.661122000000000209e+00
2.663152999999999881e+00
2.638609999999999900e+00
2.630913000000000057e+00
2.678427999999999809e+00
2.712296999999999958e+00
2.727158000000000193e+00
2.740238999999999869e+00
2.750058999999999809e+00
2.743520999999999876e+00
2.785283000000000175e+00
2.811258000000000035e+00
2.823185000000000056e+00
2.826529999999999987e+00
2.817934000000000161e+00
2.824565000000000214e+00
2.840100999999999765e+00
2.859706999999999777e+00
2.895499000000000045e+00
2.912386000000000141e+00
2.916220000000000034e+00
2.915510999999999964e+00
2.945515000000000327e+00
2.969031999999999893e+00
2.990469000000000044e+00
3.007868000000000208e+00
3.000072000000000294e+00
2.987956000000000056e+00
3.048915000000000042e+00
3.101750000000000007e+00
3.069334999999999702e+00
3.051302000000000181e+00
3.063245999999999913e+00
3.094536000000000175e+00
3.125545000000000240e+00
3.176111000000000129e+00
3.191667999999999950e+00
3.178227999999999831e+00
3.167680999999999969e+00
3.255158999999999914e+00
3.294737000000000471e+00
3.255691999999999808e+00
3.304737000000000258e+00
3.323059999999999903e+00
3.325327999999999840e+00
3.346604000000000134e+00
3.367488999999999955e+00
3.385916999999999621e+00
3.371319999999999872e+00
3.425762000000000196e+00
3.426541000000000281e+00
3.468961000000000183e+00
3.517151999999999834e+00
3.512188999999999783e+00
3.556062999999999530e+00
3.575290000000000301e+00
3.567798999999999943e+00
3.581347000000000058e+00
3.641476000000000379e+00
3.711562999999999946e+00
3.686799999999999855e+00
3.762747000000000064e+00
3.800524999999999931e+00
3.828675000000000050e+00
3.838087000000000248e+00
3.830380999999999592e+00
3.881883000000000195e+00
3.853911000000000087e+00
3.931630000000000180e+00
3.985880999999999563e+00
4.041614000000000040e+00
4.121776000000000550e+00
4.112365000000000492e+00
4.150103999999999793e+00
4.193480999999999348e+00
4.246796999999999933e+00
4.281571999999999711e+00
4.344758000000000564e+00
4.446024999999999672e+00
4.518161000000000094e+00
4.720505000000000173e+00
4.656187999999999327e+00
4.590469999999999828e+00
4.605019999999999669e+00
4.652712999999999433e+00
4.652712999999999433e+00
4.652712999999999433e+00
4.652712999999999433e+00
4.652712999999999433e+00
4.652712999999999433e+00
4.652712999999999433e+00
4.652712999999999433e+00
4.652712999999999433e+00
4.652712999999999433e+00
4.652712999999999433e+00
4.652712999999999433e+00
4.652712999999999433e+00
4.652712999999999433e+00
4.652712999999999433e+00
4.652712999999999433e+00
4.652712999999999433e+00
4.652712999999999433e+00
4.652712999999999433e+00
4.652712999999999433e+00
4.652712999999999433e+00
4.652712999999999433e+00
4.652712999999999433e+00
4.652712999999999433e+00
4.652712999999999433e+00
4.652712999999999433e+00
4.652712999999999433e+00
4.652712999999999433e+00
4.652712999999999433e+00
4.652712999999999433e+00
4.652712999999999433e+00
4.652712999999999433e+00
4.652712999999999433e+00
4.652712999999999433e+00
4.652712999999999433e+00
4.652712999999999433e+00
4.652712999999999433e+00
